desc: I1 cache:         32768 B, 64 B, 8-way associative
desc: D1 cache:         32768 B, 64 B, 8-way associative
desc: LL cache:         6291456 B, 64 B, 12-way associative
cmd: ./gameoflife 200 200 500
events: Ir Bc Bcm Bi Bim
fl=/build/glibc-LK5gWL/glibc-2.23/csu/../csu/init-first.c
fn=_init
52 8 0 0 0 0
58 4 1 1 0 0
65 5 1 1 0 0
70 1 0 0 0 0
71 1 0 0 0 0
72 2 0 0 0 0
86 4 0 0 0 0
94 1 0 0 0 0
99 6 0 0 0 0
fl=/build/glibc-LK5gWL/glibc-2.23/csu/../csu/libc-start.c
fn=(below main)
134 10 0 0 0 0
138 7 1 1 0 0
220 2 1 0 0 0
221 4 0 0 0 0
243 4 1 0 0 0
246 2 1 0 0 0
247 5 0 0 1 1
251 4 1 0 0 0
266 2 1 0 0 0
278 2 0 0 0 0
279 2 1 0 0 0
284 2 0 0 0 0
285 2 0 0 0 0
288 2 0 0 0 0
291 6 0 0 1 1
325 2 0 0 0 0
fl=/build/glibc-LK5gWL/glibc-2.23/csu/../sysdeps/generic/dl-hash.h
fn=_init
45 12 4 3 0 0
48 12 0 0 0 0
62 16 0 0 0 0
fl=/build/glibc-LK5gWL/glibc-2.23/csu/../sysdeps/unix/sysv/linux/x86_64/init-first.c
fn=_init
36 11 1 0 0 0
38 4 0 0 0 0
39 2 1 1 0 0
40 2 0 0 0 0
41 2 0 0 0 0
42 1 0 0 0 0
44 3 0 0 0 0
45 2 0 0 0 0
46 1 0 0 0 0
fl=/build/glibc-LK5gWL/glibc-2.23/ctype/ctype-info.c
fn=__ctype_init
31 7 0 0 0 0
33 4 0 0 0 0
35 5 0 0 0 0
fl=/build/glibc-LK5gWL/glibc-2.23/elf/../elf/dl-runtime.c
fn=_dl_fixup
66 30 0 0 0 0
68 10 0 0 0 0
69 20 0 0 0 0
71 40 0 0 0 0
72 10 0 0 0 0
73 70 0 0 0 0
74 30 0 0 0 0
79 20 10 0 0 0
83 20 10 0 0 0
87 30 10 1 0 0
91 10 0 0 0 0
92 50 0 0 0 0
94 40 0 0 0 0
100 10 0 0 0 0
101 30 10 0 0 0
111 100 0 0 0 0
115 50 10 0 0 0
125 60 20 0 0 0
133 10 0 0 0 0
141 40 10 0 0 0
145 30 10 0 0 0
149 30 0 0 0 0
fl=/build/glibc-LK5gWL/glibc-2.23/elf/../elf/dl-sysdep.c
fn=_dl_sysdep_start
86 8 0 0 0 0
110 1 0 0 0 0
111 245 79 10 0 0
114 2 0 0 0 0
115 1 0 0 0 0
117 136 30 12 0 0
118 110 19 2 17 13
121 1 0 0 0 0
122 1 0 0 0 0
124 1 0 0 0 0
125 1 0 0 0 0
127 1 0 0 0 0
128 2 0 0 0 0
130 1 0 0 0 0
131 2 0 0 0 0
151 1 0 0 0 0
152 2 0 0 0 0
154 1 0 0 0 0
155 2 0 0 0 0
157 2 0 0 0 0
158 2 0 0 0 0
163 2 0 0 0 0
164 2 0 0 0 0
179 2 0 0 0 0
180 2 0 0 0 0
231 3 1 0 0 0
232 2 0 0 0 0
234 5 1 0 0 0
240 2 0 0 0 0
246 3 1 0 0 0
249 5 0 0 1 1
251 9 0 0 0 0
fn=_dl_sysdep_start_cleanup
256 1 0 0 0 0
fl=/build/glibc-LK5gWL/glibc-2.23/elf/../misc/sbrk.c
fn=sbrk
34 4 0 0 0 0
42 6 2 0 0 0
46 2 1 1 0 0
62 5 0 0 0 0
fl=/build/glibc-LK5gWL/glibc-2.23/elf/../string/bits/string2.h
fn=handle_ld_preload
961 189 47 6 0 0
962 145 48 0 0 0
963 93 0 0 0 0
fl=/build/glibc-LK5gWL/glibc-2.23/elf/../sysdeps/posix/dl-fileid.h
fn=_dl_map_object_from_fd
37 12 2 0 0 0
40 2 0 0 0 0
41 4 0 0 0 0
49 12 6 5 0 0
fl=/build/glibc-LK5gWL/glibc-2.23/elf/../sysdeps/unix/sysv/linux/dl-osinfo.h
fn=dl_main
77 1 0 0 0 0
fl=/build/glibc-LK5gWL/glibc-2.23/elf/../sysdeps/unix/sysv/linux/dl-sysdep.c
fn=_dl_discover_osversion
45 7 0 0 0 0
47 3 1 1 0 0
87 5 1 0 0 0
102 1 0 0 0 0
106 1 0 0 0 0
107 1 0 0 0 0
109 12 3 0 0 0
111 6 0 0 0 0
113 17 4 2 0 0
115 1 0 0 0 0
116 2 0 0 0 0
119 3 0 0 0 0
120 3 0 0 0 0
121 3 0 0 0 0
123 13 5 3 0 0
128 2 1 1 0 0
132 8 0 0 0 0
fn=_dl_sysdep_start
35 2 0 0 0 0
fl=/build/glibc-LK5gWL/glibc-2.23/elf/../sysdeps/unix/sysv/linux/dl-vdso.c
fn=_dl_vdso_vsym
27 8 0 0 0 0
28 8 0 0 0 0
31 8 4 4 0 0
fl=/build/glibc-LK5gWL/glibc-2.23/elf/../sysdeps/unix/sysv/linux/x86_64/brk.c
fn=brk
31 7 1 0 0 0
33 2 1 0 0 0
39 1 0 0 0 0
40 1 0 0 0 0
fl=/build/glibc-LK5gWL/glibc-2.23/elf/../sysdeps/x86/cpu-features.c
fn=init_cpu_features.constprop.0
30 5 0 0 0 0
33 1 0 0 0 0
34 3 0 0 0 0
35 3 0 0 0 0
36 3 0 0 0 0
37 2 1 0 0 0
42 2 0 0 0 0
46 7 0 0 0 0
62 3 0 0 0 0
65 9 1 1 0 0
69 3 0 0 0 0
74 3 1 0 0 0
77 1 0 0 0 0
78 7 1 0 1 1
113 2 1 1 0 0
135 2 0 0 0 0
176 3 1 0 0 0
177 1 0 0 0 0
180 2 1 0 0 0
181 1 0 0 0 0
183 2 1 0 0 0
184 7 0 0 0 0
191 3 1 0 0 0
195 2 0 0 0 0
197 4 1 1 0 0
201 2 1 0 0 0
202 1 0 0 0 0
208 3 1 0 0 0
210 1 0 0 0 0
213 3 1 0 0 0
229 2 1 0 0 0
230 1 0 0 0 0
232 2 1 1 0 0
238 2 1 1 0 0
242 4 0 0 0 0
243 2 1 0 0 0
246 4 0 0 0 0
248 3 0 0 0 0
251 2 1 1 0 0
313 4 2 1 0 0
314 4 2 2 0 0
318 2 0 0 0 0
324 1 0 0 0 0
325 1 0 0 0 0
326 1 0 0 0 0
327 8 0 0 0 0
fl=/build/glibc-LK5gWL/glibc-2.23/elf/../sysdeps/x86_64/dl-machine.h
fn=_dl_fixup
237 10 0 0 0 0
fn=_dl_relocate_object
76 24 8 1 0 0
82 6 0 0 0 0
86 9 3 0 0 0
92 3 0 0 0 0
100 9 3 0 0 0
120 6 3 0 0 0
122 3 0 0 0 0
124 12 0 0 0 0
131 12 4 3 0 0
271 194 97 0 0 0
292 194 97 2 0 0
296 194 97 2 0 0
303 4174 503 17 0 0
305 431 83 5 0 0
308 364 91 0 0 0
314 582 97 0 97 4
409 42 14 0 0 0
413 70 14 0 0 0
427 70 0 0 0 0
437 249 0 0 0 0
449 9 0 0 0 0
514 3576 1192 0 0 0
519 2384 1192 0 0 0
520 3576 0 0 0 0
530 44 0 0 0 0
534 36 18 0 0 0
536 54 18 0 0 0
537 18 0 0 0 0
556 24 0 0 8 8
557 8 0 0 0 0
fn=_dl_start
59 3 0 0 0 0
268 6 0 0 0 0
296 12 6 0 0 0
305 24 6 0 0 0
308 24 6 0 0 0
314 37 6 0 6 1
427 12 0 0 0 0
519 20 10 0 0 0
520 30 0 0 0 0
fn=_dl_sysdep_start
225 5 2 1 0 0
229 1 0 0 0 0
fl=/build/glibc-LK5gWL/glibc-2.23/elf/../sysdeps/x86_64/dl-trampoline.h
fn=_dl_runtime_resolve_xsave
71 10 0 0 0 0
74 10 0 0 0 0
76 10 0 0 0 0
84 10 0 0 0 0
90 10 0 0 0 0
91 10 0 0 0 0
92 10 0 0 0 0
93 10 0 0 0 0
94 10 0 0 0 0
95 10 0 0 0 0
96 10 0 0 0 0
100 10 0 0 0 0
101 10 0 0 0 0
104 10 0 0 0 0
105 10 0 0 0 0
107 10 0 0 0 0
108 10 0 0 0 0
109 10 0 0 0 0
110 10 0 0 0 0
111 10 0 0 0 0
112 10 0 0 0 0
114 10 0 0 0 0
127 10 0 0 0 0
128 10 0 0 0 0
129 10 0 0 0 0
130 10 0 0 0 0
135 10 0 0 0 0
136 10 0 0 0 0
137 10 0 0 0 0
139 10 0 0 0 0
140 10 0 0 0 0
141 10 0 0 0 0
142 10 0 0 0 0
143 10 0 0 0 0
144 10 0 0 0 0
145 10 0 0 0 0
147 10 0 0 0 0
149 10 0 0 0 0
153 10 0 0 0 0
156 10 0 0 10 10
fl=/build/glibc-LK5gWL/glibc-2.23/elf/./dl-load.h
fn=_dl_map_object_from_fd
90 8 4 2 0 0
91 6 0 0 0 0
93 8 4 1 0 0
94 5 1 0 0 0
95 11 1 0 0 0
98 4 0 0 0 0
fl=/build/glibc-LK5gWL/glibc-2.23/elf/./dl-map-segments.h
fn=_dl_map_object_from_fd
56 22 0 0 0 0
60 6 2 0 0 0
63 6 0 0 0 0
64 4 0 0 0 0
66 4 2 2 0 0
72 14 0 0 0 0
73 8 0 0 0 0
76 4 0 0 0 0
86 20 4 2 0 0
88 8 2 0 0 0
90 28 2 2 0 0
100 16 4 2 0 0
106 4 0 0 0 0
107 2 0 0 0 0
108 10 0 0 0 0
109 4 0 0 0 0
116 4 2 2 0 0
119 4 2 0 0 0
127 24 0 0 0 0
133 4 2 1 0 0
137 9 0 0 0 0
140 3 1 1 0 0
145 4 0 0 0 0
fl=/build/glibc-LK5gWL/glibc-2.23/elf/dl-addr.c
fn=_dl_addr
30 2 0 0 0 0
31 2 0 0 0 0
34 2 1 0 0 0
38 1 0 0 0 0
39 1 0 0 0 0
40 3 0 0 0 0
42 2 0 0 0 0
45 2 1 0 0 0
50 2030 1012 20 0 0
52 1011 0 0 0 0
53 2022 1011 112 0 0
55 3628 0 0 0 0
61 11175 2235 22 0 0
63 8940 2235 3 0 0
64 16328 4170 820 0 0
69 2235 0 0 0 0
71 9044 2235 1029 0 0
99 3 1 0 0 0
100 1 0 0 0 0
101 3 1 1 0 0
104 2 1 1 0 0
116 1 0 0 0 0
117 1 0 0 0 0
126 11 0 0 0 0
131 3 0 0 1 1
133 2 0 0 0 0
135 2 1 0 0 0
138 2 0 0 0 0
141 2 0 0 1 1
144 9 0 0 0 0
fl=/build/glibc-LK5gWL/glibc-2.23/elf/dl-altinit.c
fn=dlinit_alt
33 3 1 1 0 0
34 1 0 0 0 0
fl=/build/glibc-LK5gWL/glibc-2.23/elf/dl-cache.c
fn=_dl_cache_libcmp
138 33 0 0 0 0
139 110 55 8 0 0
141 162 54 14 0 0
143 56 1 0 0 0
149 2 0 0 0 0
150 2 0 0 0 0
151 5 1 1 0 0
153 5 1 1 0 0
155 2 1 1 0 0
161 106 53 0 0 0
163 192 53 10 0 0
164 20 0 0 0 0
167 43 0 0 0 0
168 43 0 0 0 0
171 3 0 0 0 0
fn=_dl_load_cache_lookup
185 9 0 0 0 0
193 2 1 0 0 0
196 3 1 1 0 0
199 5 0 0 0 0
207 5 2 0 0 0
208 6 1 0 0 0
212 1 0 0 0 0
215 4 0 0 0 0
218 2 0 0 0 0
219 3 1 0 0 0
220 6 1 1 0 0
247 2 1 0 0 0
256 5 0 0 0 0
262 4 0 0 0 0
266 4 0 0 0 0
281 259 50 12 0 0
297 2 1 0 0 0
301 2 1 0 0 0
309 9 0 0 0 0
310 3 0 0 0 0
311 2 0 0 0 0
312 8 0 0 0 0
fn=_dl_unload_cache
321 1 0 0 0 0
322 4 1 1 0 0
324 2 0 0 0 0
325 1 0 0 0 0
327 2 0 0 0 0
fl=/build/glibc-LK5gWL/glibc-2.23/elf/dl-debug.c
fn=_dl_debug_initialize
50 8 4 4 0 0
51 4 0 0 0 0
55 14 7 6 0 0
58 1 0 0 0 0
59 2 0 0 0 0
60 5 0 0 0 0
61 2 0 0 0 0
64 1 0 0 0 0
fn=_dl_debug_state
74 2 0 0 0 0
fl=/build/glibc-LK5gWL/glibc-2.23/elf/dl-deps.c
fn=_dl_map_object_deps
144 4 0 0 0 0
145 2 0 0 0 0
146 7 0 0 0 0
152 9 0 0 0 0
160 11 0 0 0 0
161 9 0 0 0 0
178 14 2 0 0 0
179 2 0 0 0 0
182 3 0 0 0 0
188 2 0 0 0 0
189 1 0 0 0 0
201 2 0 0 0 0
202 2 0 0 0 0
203 1 0 0 0 0
204 2 0 0 0 0
209 6 0 0 0 0
210 4 0 0 0 0
213 4 0 0 0 0
217 8 4 4 0 0
218 25 11 2 0 0
220 2 0 0 0 0
222 8 2 0 0 0
224 30 2 0 0 0
229 16 8 3 0 0
231 6 0 0 0 0
236 2 0 0 0 0
237 2 0 0 0 0
238 4 0 0 0 0
239 4 0 0 0 0
242 208 50 2 0 0
243 96 48 6 0 0
249 14 2 0 0 0
251 2 0 0 0 0
254 12 0 0 0 0
256 6 2 0 0 0
271 2 0 0 0 0
273 4 2 0 0 0
278 6 0 0 0 0
281 2 0 0 0 0
282 2 0 0 0 0
283 2 0 0 0 0
284 4 0 0 0 0
286 2 0 0 0 0
288 12 0 0 0 0
292 6 2 1 0 0
293 3 0 0 0 0
295 138 46 6 0 0
317 9 0 0 0 0
338 6 0 0 0 0
459 12 4 2 0 0
461 6 0 0 0 0
463 8 0 0 0 0
465 4 2 0 0 0
468 2 0 0 0 0
469 10 0 0 0 0
470 10 0 0 0 0
473 2 0 0 0 0
474 2 0 0 0 0
478 22 4 4 0 0
480 4 0 0 0 0
481 18 7 6 0 0
485 6 2 0 0 0
486 1 0 0 0 0
489 5 1 1 0 0
499 5 0 0 0 0
502 2 1 0 0 0
507 9 1 0 0 0
508 6 0 0 0 0
510 12 4 3 0 0
516 12 0 0 0 0
520 12 0 0 0 0
523 3 1 0 0 0
574 3 1 0 0 0
575 1 0 0 0 0
576 3 1 1 0 0
611 8 0 0 0 0
613 2 1 1 0 0
614 1 0 0 0 0
617 11 0 0 0 0
618 5 0 0 0 0
619 5 0 0 0 0
623 12 0 0 0 0
624 6 0 0 0 0
630 17 6 2 0 0
632 12 0 0 0 0
633 7 3 2 0 0
635 9 3 1 0 0
636 6 2 2 0 0
655 2 0 0 0 0
658 3 0 0 0 0
661 10 3 1 0 0
664 28 0 0 0 0
671 2 0 0 0 0
673 2 0 0 0 0
674 1 0 0 0 0
675 3 1 1 0 0
682 3 1 1 0 0
685 3 1 0 0 0
688 8 0 0 0 0
fn=openaux
60 4 0 0 0 0
63 24 0 0 0 0
67 2 0 0 0 0
68 4 0 0 0 0
fl=/build/glibc-LK5gWL/glibc-2.23/elf/dl-environ.c
fn=_dl_next_ld_env_entry
30 3 0 0 0 0
31 1 0 0 0 0
33 238 79 2 0 0
35 156 78 30 0 0
36 38 19 9 0 0
38 2 0 0 0 0
41 4 0 0 0 0
43 2 0 0 0 0
46 76 0 0 0 0
50 1 0 0 0 0
fl=/build/glibc-LK5gWL/glibc-2.23/elf/dl-error.c
fn=_dl_catch_error
163 12 0 0 0 0
175 6 0 0 0 0
176 6 0 0 0 0
177 6 0 0 0 0
178 6 0 0 0 0
180 3 0 0 3 1
181 6 0 0 0 0
182 9 0 0 0 0
185 18 3 0 0 0
187 9 0 0 3 2
188 9 0 0 0 0
189 6 0 0 0 0
190 6 0 0 0 0
191 6 0 0 0 0
199 12 0 0 0 0
fn=_dl_receive_error
205 10 0 0 0 0
206 2 0 0 1 1
210 1 0 0 0 0
211 1 0 0 0 0
214 1 0 0 0 0
215 1 0 0 0 0
217 2 0 0 1 1
219 1 0 0 0 0
220 1 0 0 0 0
221 8 0 0 0 0
fl=/build/glibc-LK5gWL/glibc-2.23/elf/dl-fini.c
fn=_dl_fini
31 1 0 0 0 0
33 2 1 0 0 0
38 3 0 0 0 0
39 9 0 0 0 0
40 3 0 0 0 0
44 9 0 0 0 0
45 9 0 0 0 0
49 12 6 0 0 0
55 6 0 0 0 0
56 14 6 2 0 0
58 15 0 0 0 0
59 7 3 2 0 0
61 9 3 1 0 0
62 6 2 2 0 0
81 4 0 0 0 0
92 9 3 0 0 0
113 3 0 0 0 0
117 15 3 1 0 0
120 22 0 0 0 0
130 8 0 0 0 0
147 1 0 0 0 0
150 15 2 1 0 0
153 2 0 0 1 1
155 1 0 0 0 0
158 2 1 0 0 0
160 6 1 1 0 0
165 1 0 0 0 0
168 9 0 0 0 0
173 13 4 3 0 0
175 8 4 0 0 0
177 8 4 0 0 0
179 8 0 0 0 0
180 4 0 0 0 0
181 4 0 0 0 0
185 4 0 0 0 0
187 9 2 1 0 0
188 2 1 1 0 0
192 2 0 0 0 0
201 3 0 0 1 1
206 14 5 3 0 0
208 4 0 0 0 0
210 12 4 0 0 0
213 8 0 0 0 0
216 12 4 3 0 0
217 6 2 2 0 0
220 4 2 0 0 0
229 4 0 0 0 0
232 6 0 0 0 0
234 16 4 1 0 0
235 4 0 0 2 2
239 4 2 0 0 0
240 6 0 0 2 2
246 24 8 0 0 0
262 8 0 0 0 0
268 6 2 0 0 0
270 1 0 0 0 0
274 2 1 0 0 0
281 8 0 0 0 0
fl=/build/glibc-LK5gWL/glibc-2.23/elf/dl-hwcaps.c
fn=_dl_important_hwcaps
39 12 0 0 0 0
41 1 0 0 0 0
42 3 0 0 0 0
51 3 1 1 0 0
61 4 1 1 0 0
113 1 0 0 0 0
115 5 1 1 0 0
130 10 0 0 0 0
131 1 0 0 0 0
162 2 1 1 0 0
170 3 1 0 0 0
172 2 0 0 0 0
173 5 0 0 0 0
177 3 0 0 0 0
178 1 0 0 0 0
181 2 1 0 0 0
184 2 1 0 0 0
185 1 0 0 0 0
188 12 0 0 0 0
189 2 1 1 0 0
207 11 0 0 0 0
208 6 0 0 0 0
209 6 1 0 0 0
238 3 0 0 0 0
241 2 1 1 0 0
243 10 0 0 0 0
244 20 0 0 0 0
264 7 0 0 0 0
269 10 4 3 0 0
270 8 0 0 0 0
274 11 0 0 0 0
277 26 6 2 0 0
278 24 8 2 0 0
279 12 0 0 0 0
281 4 2 1 0 0
284 3 0 0 0 0
285 2 0 0 0 0
286 12 1 1 0 0
299 6 0 0 0 0
300 2 0 0 0 0
302 4 2 1 0 0
305 4 0 0 0 0
307 1 0 0 0 0
308 10 0 0 0 0
fl=/build/glibc-LK5gWL/glibc-2.23/elf/dl-init.c
fn=_dl_init
30 25 5 2 0 0
80 11 0 0 0 0
81 1 0 0 0 0
82 1 0 0 0 0
85 3 1 1 0 0
88 2 0 0 0 0
93 2 1 1 0 0
94 2 0 0 0 0
104 2 0 0 0 0
119 15 5 2 0 0
120 12 0 0 0 0
126 8 0 0 0 0
fn=call_init.part.0
28 20 0 0 0 0
36 12 0 0 0 0
39 16 4 1 0 0
40 3 1 0 0 0
44 21 3 1 0 0
45 3 1 1 0 0
49 4 2 0 0 0
58 14 0 0 2 2
62 4 2 0 0 0
68 6 0 0 0 0
70 4 0 0 0 0
71 16 5 1 0 0
72 15 0 0 3 3
74 24 0 0 0 0
fl=/build/glibc-LK5gWL/glibc-2.23/elf/dl-load.c
fn=_dl_init_paths
689 9 0 0 0 0
702 6 0 0 0 0
706 1 0 0 0 0
707 2 0 0 0 0
708 3 1 0 0 0
715 4 0 0 0 0
716 4 0 0 0 0
719 5 0 0 0 0
721 2 1 0 0 0
727 2 0 0 0 0
728 1 0 0 0 0
736 3 0 0 0 0
738 9 0 0 0 0
739 4 0 0 0 0
741 8 0 0 0 0
742 10 0 0 0 0
743 12 0 0 0 0
746 6 3 0 0 0
747 25 4 3 0 0
750 35 4 1 0 0
756 1 0 0 0 0
757 1 0 0 0 0
761 1 0 0 0 0
762 2 1 0 0 0
764 4 1 0 0 0
766 3 1 1 0 0
783 1 0 0 0 0
785 3 1 1 0 0
799 2 0 0 0 0
804 5 2 0 0 0
810 5 1 0 0 0
812 12 0 0 0 0
829 133 15 10 0 0
833 1 0 0 0 0
834 1 0 0 0 0
835 2 1 0 0 0
841 9 0 0 0 0
845 5 1 0 0 0
851 1 0 0 0 0
855 8 0 0 0 0
fn=_dl_map_object
383 5 1 0 0 0
387 2 0 0 0 0
666 9 3 3 0 0
2189 27 0 0 0 0
2191 2 0 0 0 0
2197 6 3 0 0 0
2198 12 3 0 0 0
2201 42 9 5 0 0
2206 49 7 2 0 0
2208 35 7 1 0 0
2212 12 6 0 0 0
2213 18 6 4 0 0
2216 2 0 0 0 0
2218 12 2 2 0 0
2235 10 2 2 0 0
2244 6 2 0 0 0
2278 2 0 0 0 0
2280 10 2 1 0 0
2284 4 0 0 0 0
2286 2 1 0 0 0
2293 4 2 1 0 0
2297 2 0 0 0 0
2302 6 2 1 0 0
2303 1 0 0 0 0
2305 9 0 0 0 0
2317 3 1 0 0 0
2318 8 2 0 0 0
2319 1 0 0 0 0
2328 2 1 0 0 0
2329 15 1 0 0 0
2335 5 2 0 0 0
2336 1 0 0 0 0
2344 1 0 0 0 0
2358 2 1 0 0 0
2360 3 1 0 0 0
2364 3 0 0 0 0
2366 2 1 0 0 0
2370 2 1 0 0 0
2378 3 1 0 0 0
2401 11 0 0 0 0
2405 4 1 0 0 0
2406 2 0 0 0 0
2423 2 1 0 0 0
2429 1 0 0 0 0
2431 2 1 0 0 0
2432 3 1 0 0 0
2436 10 0 0 0 0
2439 4 1 0 0 0
2451 6 0 0 0 0
2453 4 1 0 0 0
2497 4 0 0 0 0
2498 30 0 0 0 0
2500 24 0 0 0 0
fn=_dl_map_object_from_fd
893 30 0 0 0 0
903 8 0 0 0 0
904 2 0 0 0 0
919 31 7 4 0 0
920 10 5 0 0 0
937 4 2 0 0 0
961 4 2 0 0 0
971 4 2 1 0 0
993 8 2 0 0 0
1025 4 2 0 0 0
1028 16 0 0 0 0
1029 4 2 0 0 0
1040 6 0 0 0 0
1041 8 0 0 0 0
1042 4 0 0 0 0
1044 8 0 0 0 0
1045 8 2 0 0 0
1046 2 0 0 0 0
1063 2 0 0 0 0
1065 20 0 0 0 0
1073 142 19 2 0 0
1074 127 62 24 0 0
1080 4 0 0 0 0
1081 6 0 0 0 0
1082 2 0 0 0 0
1085 2 0 0 0 0
1086 1 0 0 0 0
1091 20 4 0 0 0
1096 32 4 0 0 0
1104 16 0 0 0 0
1105 16 0 0 0 0
1106 20 0 0 0 0
1107 4 0 0 0 0
1108 8 0 0 0 0
1109 8 0 0 0 0
1113 8 4 2 0 0
1114 12 0 0 0 0
1118 36 0 0 0 0
1129 4 0 0 0 0
1132 3 1 1 0 0
1136 1 0 0 0 0
1137 3 0 0 0 0
1138 2 1 0 0 0
1141 3 0 0 0 0
1142 2 0 0 0 0
1145 1 0 0 0 0
1149 4 1 0 0 0
1155 3 0 0 0 0
1156 1 0 0 0 0
1160 16 0 0 0 0
1168 4 0 0 0 0
1211 4 0 0 0 0
1212 2 0 0 0 0
1215 4 0 0 0 0
1216 6 0 0 0 0
1217 2 0 0 0 0
1220 6 2 0 0 0
1229 4 2 0 0 0
1239 18 0 0 0 0
1251 8 2 1 0 0
1255 2 0 0 0 0
1260 6 0 0 0 0
1267 4 2 2 0 0
1282 6 2 0 0 0
1301 4 0 0 0 0
1303 10 2 0 0 0
1357 6 2 1 0 0
1358 2 0 0 0 0
1361 8 2 0 0 0
1370 4 2 0 0 0
1372 8 0 0 0 0
1374 4 2 0 0 0
1390 4 0 0 0 0
1394 4 2 0 0 0
1395 4 2 2 0 0
1412 4 2 1 0 0
1413 2 0 0 0 0
1416 6 0 0 0 0
1421 4 2 0 0 0
1431 4 2 0 0 0
1441 6 0 0 0 0
1445 8 2 2 0 0
1465 16 0 0 0 0
fn=fillin_rpath
383 5 1 0 0 0
387 3 0 0 0 0
444 16 0 0 0 0
446 1 0 0 0 0
448 12 2 1 0 0
455 2 1 1 0 0
461 2 1 0 0 0
466 2 0 0 0 0
467 2 1 0 0 0
474 8 2 0 0 0
479 3 0 0 0 0
483 3 1 1 0 0
490 15 5 2 0 0
491 8 4 4 0 0
509 4 1 1 0 0
512 5 0 0 0 0
513 2 0 0 0 0
515 3 1 0 0 0
519 1 0 0 0 0
520 1 0 0 0 0
521 4 0 0 0 0
522 1 0 0 0 0
524 2 1 1 0 0
530 4 0 0 0 0
531 18 3 1 0 0
532 11 4 1 0 0
534 2 0 0 0 0
535 3 1 1 0 0
540 2 0 0 0 0
542 3 0 0 0 0
543 1 0 0 0 0
546 2 0 0 0 0
548 3 0 0 0 0
552 1 0 0 0 0
555 9 0 0 0 0
fn=open_path
2040 8 0 0 0 0
2041 2 0 0 0 0
2044 1 0 0 0 0
2045 1 0 0 0 0
2047 2 1 0 0 0
2052 17 0 0 0 0
2055 1 0 0 0 0
2064 2 1 0 0 0
2071 5 0 0 0 0
2072 21 5 1 0 0
2075 8 4 0 0 0
2078 8 0 0 0 0
2079 32 0 0 0 0
2080 16 0 0 0 0
2085 8 4 0 0 0
2086 3 0 0 0 0
2088 40 0 0 0 0
2090 20 4 2 0 0
2092 8 4 2 0 0
2097 8 4 0 0 0
2098 36 4 0 0 0
2104 14 0 0 0 0
2106 24 4 2 0 0
2107 2 0 0 0 0
2109 17 0 0 0 0
2116 12 0 0 0 0
2126 4 0 0 0 0
2154 1 0 0 0 0
2157 7 3 0 0 0
2162 1 0 0 0 0
2164 4 1 0 0 0
2167 3 1 0 0 0
2181 8 0 0 0 0
fn=open_verify.constprop.7
1717 84 0 0 0 0
1756 28 11 4 0 0
1787 30 0 0 0 0
1789 14 6 2 0 0
1799 2 0 0 0 0
1800 4 0 0 0 0
1805 16 0 0 0 0
1807 4 2 0 0 0
1809 6 0 0 0 0
1811 4 2 0 0 0
1817 4 2 0 0 0
1826 2 0 0 0 0
1833 36 7 2 0 0
1907 4 2 0 0 0
1912 4 2 0 0 0
1914 8 2 0 0 0
1920 4 2 0 0 0
1931 4 2 0 0 0
1937 12 0 0 0 0
1938 8 2 0 0 0
1939 6 0 0 0 0
1959 108 14 1 0 0
1961 36 17 12 0 0
1965 8 2 0 0 0
1966 6 0 0 0 0
1975 18 3 2 0 0
1978 14 0 0 0 0
1982 6 2 1 0 0
1987 1 0 0 0 0
1988 1 0 0 0 0
1991 2 1 0 0 0
1994 7 0 0 0 0
1997 3 1 0 0 0
1998 5 2 0 0 0
2003 4 0 0 0 0
2026 48 0 0 0 0
fl=/build/glibc-LK5gWL/glibc-2.23/elf/dl-lookup.c
fn=_dl_lookup_symbol_x
568 5536 1294 128 0 0
569 4816 0 0 0 0
806 1350 0 0 0 0
808 180 0 0 0 0
809 180 0 0 0 0
812 90 0 0 0 0
816 346 173 5 0 0
820 630 0 0 0 0
821 180 90 0 0 0
823 180 0 0 0 0
827 300 96 2 0 0
829 1260 0 0 0 0
832 270 90 2 0 0
835 6 6 2 0 0
858 180 90 3 0 0
860 42 12 2 0 0
876 6 0 0 0 0
877 12 0 0 0 0
880 84 0 0 0 0
881 588 168 0 0 0
912 84 0 0 0 0
921 420 84 0 0 0
935 252 84 1 0 0
936 2 0 0 0 0
938 336 84 0 0 0
943 84 0 0 0 0
945 720 0 0 0 0
fn=_dl_setup_hash
956 12 4 0 0 0
960 4 0 0 0 0
964 8 0 0 0 0
965 4 0 0 0 0
966 4 0 0 0 0
968 12 4 0 0 0
969 4 0 0 0 0
970 12 0 0 0 0
972 4 0 0 0 0
973 8 0 0 0 0
975 4 0 0 0 0
977 12 0 0 0 0
978 4 0 0 0 0
fn=check_match
92 672 0 0 0 0
95 588 168 6 0 0
107 504 84 0 0 0
110 456 104 9 0 0
114 84 0 0 0 0
115 168 84 1 0 0
117 166 83 0 0 0
136 166 0 0 0 0
137 664 83 9 0 0
138 498 83 0 0 0
165 2 1 0 0 0
167 6 1 1 0 0
168 4 0 0 0 0
176 84 0 0 0 0
183 504 0 0 0 0
fn=do_lookup_x
311 198 0 0 0 0
355 1080 0 0 0 0
356 90 0 0 0 0
362 90 0 0 0 0
366 564 0 0 0 0
369 564 282 0 0 0
373 1014 282 12 0 0
377 564 282 0 0 0
381 564 282 2 0 0
387 846 282 0 0 0
391 282 0 0 0 0
392 282 0 0 0 0
395 846 0 0 0 0
396 846 0 0 0 0
399 282 0 0 0 0
400 564 282 0 0 0
402 846 0 0 0 0
403 360 0 0 0 0
410 3642 282 108 0 0
413 528 0 0 0 0
415 176 88 0 0 0
417 1144 0 0 0 0
420 860 172 70 0 0
422 336 0 0 0 0
423 1260 0 0 0 0
427 252 84 3 0 0
430 264 88 4 0 0
439 756 0 0 0 0
461 8 4 2 0 0
469 168 84 0 0 0
519 628 230 15 0 0
523 33 11 0 0 0
535 168 0 0 0 0
536 84 0 0 0 0
537 168 0 0 0 0
553 1428 542 29 0 0
554 165 33 0 0 0
555 28 0 0 0 0
557 594 198 16 0 0
560 6 0 0 0 0
561 720 0 0 0 0
fl=/build/glibc-LK5gWL/glibc-2.23/elf/dl-minimal.c
fn=__libc_memalign
52 66 0 0 0 0
53 87 22 1 0 0
58 5 0 0 0 0
59 2 0 0 0 0
64 88 0 0 0 0
67 146 42 21 0 0
71 8 0 0 0 0
72 4 2 0 0 0
78 16 0 0 0 0
80 10 2 0 0 0
84 6 0 0 0 0
87 22 0 0 0 0
88 22 0 0 0 0
90 110 0 0 0 0
fn=calloc
103 8 0 0 0 0
107 8 0 0 0 0
111 40 8 8 0 0
114 8 0 0 0 0
fn=free
120 1 0 0 0 0
122 3 1 0 0 0
129 2 0 0 0 0
fn=malloc
94 21 0 0 0 0
95 42 0 0 0 0
fn=strsep
354 4 2 0 0 0
356 2 0 0 0 0
357 4 2 1 0 0
361 77 15 4 0 0
366 56 28 7 0 0
368 84 28 3 0 0
376 14 0 0 0 0
379 1 0 0 0 0
383 2 0 0 0 0
fl=/build/glibc-LK5gWL/glibc-2.23/elf/dl-misc.c
fn=_dl_name_match_p
288 235 0 0 0 0
289 188 47 0 0 0
290 50 0 0 0 0
292 47 0 0 0 0
294 190 95 22 0 0
295 255 51 10 0 0
298 48 0 0 0 0
300 44 0 0 0 0
301 235 0 0 0 0
fn=_dl_sysdep_read_whole_file
45 8 0 0 0 0
52 3 0 0 0 0
53 2 1 0 0 0
55 7 1 0 0 0
57 2 0 0 0 0
60 2 1 1 0 0
62 8 0 0 0 0
73 2 0 0 0 0
76 7 0 0 0 0
fl=/build/glibc-LK5gWL/glibc-2.23/elf/dl-object.c
fn=_dl_add_to_namespace_list
32 15 0 0 0 0
34 9 0 0 3 1
36 22 3 2 0 0
39 15 5 3 0 0
41 2 0 0 0 0
43 2 0 0 0 0
46 2 0 0 0 0
47 9 0 0 0 0
48 6 0 0 0 0
49 6 0 0 0 0
51 6 0 0 3 1
52 9 0 0 0 0
fn=_dl_new_object
61 42 0 0 0 0
62 9 0 0 0 0
68 39 3 3 0 0
75 15 0 0 0 0
78 6 3 0 0 0
81 3 0 0 0 0
82 6 0 0 0 0
85 6 0 0 0 0
87 15 0 0 0 0
89 3 0 0 0 0
97 18 0 0 0 0
98 18 0 0 0 0
101 6 3 3 0 0
102 8 0 0 0 0
103 3 0 0 0 0
107 3 0 0 0 0
110 44 19 12 0 0
112 32 0 0 0 0
122 6 0 0 0 0
123 3 0 0 0 0
128 18 3 1 0 0
130 8 0 0 0 0
133 8 3 1 0 0
137 6 2 0 0 0
141 12 4 4 0 0
143 5 1 0 0 0
149 1 0 0 0 0
152 6 0 0 0 0
155 9 3 1 0 0
157 14 0 0 0 0
161 8 2 0 0 0
165 6 0 0 0 0
166 8 2 0 0 0
168 1 0 0 0 0
211 48 0 0 0 0
216 42 0 0 0 0
217 88 42 18 0 0
222 4 0 0 0 0
225 4 0 0 0 0
229 24 0 0 0 0
fl=/build/glibc-LK5gWL/glibc-2.23/elf/dl-open.c
fn=_dl_find_dso_for_object
182 5 1 0 0 0
183 10 3 2 0 0
184 12 6 2 0 0
185 2 1 1 0 0
188 2 1 0 0 0
192 1 0 0 0 0
fl=/build/glibc-LK5gWL/glibc-2.23/elf/dl-reloc.c
fn=_dl_relocate_object
149 48 0 0 0 0
156 4 0 0 0 0
159 8 0 0 0 0
160 24 0 0 0 0
164 8 4 0 0 0
165 24 0 0 0 0
171 8 4 0 0 0
177 12 4 3 0 0
178 8 4 3 0 0
181 8 4 0 0 0
188 8 4 0 0 0
232 12 0 0 0 0
258 192 61 29 0 0
261 16 4 0 0 0
285 4 0 0 0 0
288 8 4 0 0 0
305 12 4 4 0 0
307 32 0 0 0 0
313 28 0 0 0 0
316 8 0 0 0 0
320 8 4 0 0 0
321 28 4 3 0 0
fl=/build/glibc-LK5gWL/glibc-2.23/elf/dl-tls.c
fn=_dl_add_to_slotinfo
890 4 0 0 0 0
896 2 0 0 0 0
899 1 0 0 0 0
904 5 1 0 0 0
945 1 0 0 0 0
946 3 0 0 0 0
947 4 0 0 0 0
fn=_dl_allocate_tls_init
449 7 0 0 0 0
450 2 1 0 0 0
454 2 0 0 0 0
456 1 0 0 0 0
457 3 0 0 0 0
460 4 1 0 0 0
472 1 0 0 0 0
477 9 2 1 0 0
483 16 2 1 0 0
486 1 0 0 0 0
487 2 1 0 0 0
493 3 1 0 0 0
494 2 0 0 0 0
496 5 0 0 0 0
497 1 0 0 0 0
499 3 1 0 0 0
500 1 0 0 0 0
503 2 1 0 0 0
504 4 1 0 0 0
506 2 1 1 0 0
515 12 0 0 0 0
529 2 0 0 0 0
531 1 0 0 0 0
532 8 0 0 0 0
fn=_dl_allocate_tls_storage
321 2 0 0 0 0
322 3 0 0 0 0
323 2 1 0 0 0
326 1 0 0 0 0
332 2 0 0 0 0
354 3 0 0 0 0
356 1 0 0 0 0
367 3 0 0 0 0
368 2 1 0 0 0
375 2 0 0 0 0
379 297 288 10 0 0
396 5 0 0 0 0
fn=_dl_count_modids
115 2 1 0 0 0
116 2 0 0 0 0
fn=_dl_determine_tlsoffset
138 7 0 0 0 0
144 3 1 0 0 0
147 2 1 0 0 0
183 9 2 0 0 0
185 10 1 0 0 0
187 4 0 0 0 0
188 1 0 0 0 0
190 3 0 0 0 0
192 7 1 0 0 0
208 6 0 0 0 0
210 4 1 1 0 0
220 1 0 0 0 0
223 4 0 0 0 0
224 1 0 0 0 0
275 1 0 0 0 0
276 8 0 0 0 0
fn=_dl_next_tls_modid
49 1 0 0 0 0
52 4 1 0 0 0
100 1 0 0 0 0
104 2 0 0 0 0
fl=/build/glibc-LK5gWL/glibc-2.23/elf/dl-version.c
fn=_dl_check_all_versions
380 5 0 0 0 0
384 19 5 3 0 0
385 4 0 0 0 0
386 40 4 0 0 0
389 7 0 0 0 0
fn=_dl_check_map_versions
56 24 7 2 0 0
57 5 0 0 0 0
58 37 7 4 0 0
174 36 0 0 0 0
175 2 0 0 0 0
183 2 0 0 0 0
189 12 4 0 0 0
190 2 0 0 0 0
191 8 0 0 0 0
193 8 0 0 0 0
194 16 0 0 0 0
196 8 4 2 0 0
199 6 0 0 0 0
203 10 2 0 0 0
220 4 0 0 0 0
228 6 2 0 0 0
233 16 0 0 0 0
237 95 5 2 0 0
244 30 0 0 0 0
247 15 5 5 0 0
252 3 0 0 0 0
256 12 2 2 0 0
270 8 4 2 0 0
273 8 0 0 0 0
276 120 0 0 0 0
279 90 30 14 0 0
283 28 0 0 0 0
287 9 3 3 0 0
292 3 0 0 0 0
293 12 0 0 0 0
294 6 3 0 0 0
302 3 0 0 0 0
305 9 0 0 0 0
307 9 3 1 0 0
310 8 0 0 0 0
314 6 0 0 0 0
317 15 0 0 0 0
319 15 5 0 0 0
321 25 0 0 0 0
322 15 0 0 0 0
323 15 0 0 0 0
324 15 0 0 0 0
327 15 5 3 0 0
332 3 0 0 0 0
335 6 2 2 0 0
345 9 3 1 0 0
348 8 0 0 0 0
352 28 0 0 0 0
354 60 30 0 0 0
359 168 0 0 0 0
360 84 0 0 0 0
361 28 0 0 0 0
364 90 30 12 0 0
368 28 0 0 0 0
374 35 0 0 0 0
fn=match_symbol
76 65 0 0 0 0
77 10 0 0 0 0
85 10 5 0 0 0
91 15 5 0 0 0
106 5 0 0 0 0
107 10 5 0 0 0
109 5 0 0 0 0
114 78 39 7 0 0
128 78 39 5 0 0
133 35 5 0 0 0
140 102 34 0 0 0
144 34 0 0 0 0
168 40 0 0 0 0
fl=/build/glibc-LK5gWL/glibc-2.23/elf/do-rel.h
fn=_dl_relocate_object
47 24 0 0 0 0
48 8 0 0 0 0
58 24 8 5 0 0
61 93 29 7 0 0
63 104 26 9 0 0
65 26 8 4 0 0
74 6 3 2 0 0
75 46 10 7 0 0
76 16 8 0 0 0
83 10 0 0 0 0
84 5 0 0 0 0
86 15 0 0 0 0
98 15 5 2 0 0
108 9 4 1 0 0
111 3584 1195 9 0 0
112 2384 0 0 0 0
118 15 5 1 0 0
121 8 0 0 0 0
124 296 96 10 0 0
127 368 92 0 0 0
129 8 0 0 0 0
136 368 0 0 0 0
137 593 0 0 0 0
138 92 0 0 0 0
139 184 0 0 0 0
143 6 3 3 0 0
160 24 6 4 0 0
162 20 5 0 0 0
170 30 0 0 0 0
171 10 0 0 0 0
174 2 1 1 0 0
fn=_dl_start
83 1 0 0 0 0
84 1 0 0 0 0
111 33 11 6 0 0
112 20 0 0 0 0
116 2 1 0 0 0
124 22 7 4 0 0
136 6 0 0 0 0
137 36 0 0 0 0
fl=/build/glibc-LK5gWL/glibc-2.23/elf/get-dynamic-info.h
fn=_dl_map_object_from_fd
39 4 2 0 0 0
43 2 0 0 0 0
45 141 47 2 0 0
47 90 45 20 0 0
60 42 10 5 0 0
61 71 0 0 0 0
62 8 2 2 0 0
64 2 0 0 0 0
65 10 2 2 0 0
67 2 0 0 0 0
68 10 2 0 0 0
70 10 0 0 0 0
71 45 0 0 0 0
78 4 2 0 0 0
98 7 2 1 0 0
99 8 2 0 0 0
100 8 2 0 0 0
101 8 2 0 0 0
103 8 2 0 0 0
108 8 2 0 0 0
109 7 2 1 0 0
110 8 2 0 0 0
116 6 2 0 0 0
121 4 2 0 0 0
128 4 2 0 0 0
129 6 2 0 0 0
145 6 2 1 0 0
150 2 0 0 0 0
152 2 1 1 0 0
154 2 1 1 0 0
156 2 1 0 0 0
159 6 2 1 0 0
161 4 0 0 0 0
169 2 1 0 0 0
174 2 1 0 0 0
177 4 2 2 0 0
fn=_dl_start
45 57 19 3 0 0
47 36 18 8 0 0
48 26 0 0 0 0
60 21 5 1 0 0
61 18 0 0 0 0
62 4 1 1 0 0
64 1 0 0 0 0
65 5 1 1 0 0
67 2 0 0 0 0
68 5 1 0 0 0
70 6 0 0 0 0
71 18 0 0 0 0
78 2 1 0 0 0
98 4 1 0 0 0
99 4 1 0 0 0
100 4 1 0 0 0
101 4 1 0 0 0
103 4 1 0 0 0
108 4 1 0 0 0
109 4 1 0 0 0
110 4 1 0 0 0
116 3 1 0 0 0
121 2 1 0 0 0
128 3 1 0 0 0
129 3 1 0 0 0
137 3 1 1 0 0
139 3 1 1 0 0
142 2 1 0 0 0
143 2 1 0 0 0
fn=dl_main
30 1 0 0 0 0
39 2 1 0 0 0
43 1 0 0 0 0
45 72 24 1 0 0
47 46 23 10 0 0
60 17 4 3 0 0
61 33 0 0 0 0
62 4 1 1 0 0
64 1 0 0 0 0
65 5 1 1 0 0
67 1 0 0 0 0
68 5 1 0 0 0
70 5 0 0 0 0
71 23 0 0 0 0
78 3 1 1 0 0
116 3 1 0 0 0
121 2 1 0 0 0
128 2 1 0 0 0
129 3 1 0 0 0
145 3 1 1 0 0
159 3 1 1 0 0
177 2 1 1 0 0
fl=/build/glibc-LK5gWL/glibc-2.23/elf/rtld.c
fn=_dl_initial_error_catch_tsd
664 8 0 0 0 0
fn=_dl_start
302 2 0 0 0 0
303 2 0 0 0 0
304 2 0 0 0 0
305 2 0 0 0 0
306 2 0 0 0 0
314 5 0 0 0 0
317 1 0 0 0 0
323 4 0 0 0 0
332 1 0 0 0 0
335 5 0 0 0 0
339 2 1 0 0 0
353 9 0 0 0 0
371 5 0 0 0 0
394 1 0 0 0 0
397 1 0 0 0 0
408 2 1 1 0 0
413 26 3 0 0 0
415 1 0 0 0 0
440 9 0 0 0 0
fn=dl_main
719 1 0 0 0 0
721 3 0 0 0 0
730 1 0 0 0 0
732 1 0 0 0 0
737 1 0 0 0 0
790 12 0 0 0 0
799 1 0 0 0 0
805 1 0 0 0 0
809 2 0 0 0 0
812 2 0 0 0 0
816 2 0 0 0 0
817 2 0 0 0 0
822 2 0 0 0 0
832 3 1 1 0 0
1033 8 0 0 0 0
1035 2 1 0 0 0
1036 1 0 0 0 0
1037 2 0 0 0 0
1038 2 0 0 0 0
1042 3 0 0 0 0
1043 3 1 0 0 0
1064 1 0 0 0 0
1065 1 0 0 0 0
1067 1 0 0 0 0
1069 1 0 0 0 0
1072 35 10 1 0 0
1073 71 35 13 0 0
1077 3 0 0 0 0
1078 1 0 0 0 0
1082 3 0 0 0 0
1083 1 0 0 0 0
1091 1 0 0 0 0
1092 2 0 0 0 0
1094 3 0 0 0 0
1101 2 1 1 0 0
1119 1 0 0 0 0
1127 8 0 0 0 0
1128 7 0 0 0 0
1129 4 2 1 0 0
1130 1 0 0 0 0
1133 4 0 0 0 0
1134 4 2 0 0 0
1135 2 0 0 0 0
1136 6 3 1 0 0
1137 2 0 0 0 0
1164 2 0 0 0 0
1165 1 0 0 0 0
1168 2 0 0 0 0
1169 2 0 0 0 0
1170 1 0 0 0 0
1175 5 1 1 0 0
1178 2 1 1 0 0
1180 2 1 1 0 0
1182 3 1 0 0 0
1195 3 1 0 0 0
1196 8 1 0 0 0
1201 1 0 0 0 0
1203 1 0 0 0 0
1204 1 0 0 0 0
1206 2 1 0 0 0
1207 2 0 0 0 0
1211 2 1 0 0 0
1213 2 1 0 0 0
1218 2 0 0 0 0
1221 2 1 0 0 0
1237 3 0 0 0 0
1243 9 3 1 0 0
1248 2 0 0 0 0
1251 4 0 0 0 0
1253 1 0 0 0 0
1258 2 1 0 0 0
1261 3 0 0 0 0
1262 4 0 0 0 0
1263 2 0 0 0 0
1264 1 0 0 0 0
1265 1 0 0 0 0
1266 1 0 0 0 0
1271 2 1 0 0 0
1272 5 0 0 0 0
1289 2 1 0 0 0
1290 2 1 0 0 0
1292 4 0 0 0 0
1294 2 0 0 0 0
1295 4 0 0 0 0
1300 3 1 0 0 0
1301 5 1 0 0 0
1303 2 0 0 0 0
1304 2 0 0 0 0
1309 2 1 1 0 0
1314 3 1 0 0 0
1491 2 0 0 0 0
1499 3 1 0 0 0
1502 1 0 0 0 0
1506 3 1 1 0 0
1511 1 0 0 0 0
1512 1 0 0 0 0
1513 1 0 0 0 0
1517 3 1 0 0 0
1532 3 1 0 0 0
1533 1 0 0 0 0
1534 1 0 0 0 0
1536 3 1 0 0 0
1538 5 0 0 0 0
1539 3 0 0 0 0
1540 1 0 0 0 0
1542 6 0 0 0 0
1552 5 1 0 0 0
1629 4 1 1 0 0
1633 8 0 0 0 0
1634 1 0 0 0 0
1637 3 0 0 0 0
1638 1 0 0 0 0
1639 2 1 0 0 0
1640 2 1 1 0 0
1646 5 0 0 0 0
1647 8 0 0 0 0
1648 1 0 0 0 0
1650 6 0 0 0 0
1653 13 5 3 0 0
1654 16 0 0 0 0
1657 3 0 0 0 0
1658 4 1 0 0 0
1659 1 0 0 0 0
1661 10 3 1 0 0
1662 11 3 1 0 0
1672 2 0 0 0 0
1674 2 0 0 0 0
1675 3 1 0 0 0
1677 2 0 0 0 0
1679 3 1 1 0 0
1681 3 1 1 0 0
1682 1 0 0 0 0
1695 2 1 0 0 0
1696 2 0 0 0 0
1697 3 1 1 0 0
1708 5 0 0 0 0
1709 1 0 0 0 0
1710 5 0 0 0 0
1720 2 0 0 0 0
1721 2 1 0 0 0
1722 2 0 0 0 0
1724 2 1 0 0 0
1729 3 1 0 0 0
1959 3 1 1 0 0
2015 2 0 0 0 0
2019 4 0 0 0 0
2023 2 0 0 0 0
2026 2 1 1 0 0
2080 3 0 0 0 0
2087 1 0 0 0 0
2089 7 0 0 0 0
2091 11 5 4 0 0
2093 12 0 0 0 0
2098 8 0 0 0 0
2100 10 5 2 0 0
2102 1 0 0 0 0
2103 1 0 0 0 0
2106 4 0 0 0 0
2108 9 4 2 0 0
2109 24 0 0 0 0
2113 14 5 4 0 0
2114 3 0 0 0 0
2116 1 0 0 0 0
2118 6 0 0 0 0
2124 2 1 1 0 0
2129 4 2 0 0 0
2131 1 0 0 0 0
2136 3 0 0 0 0
2139 2 1 1 0 0
2148 3 1 0 0 0
2150 2 1 0 0 0
2165 5 0 0 0 0
2167 1 0 0 0 0
2168 5 0 0 0 0
2169 1 0 0 0 0
2171 6 0 0 0 0
2179 1 0 0 0 0
2183 3 1 0 0 0
2203 4 0 0 0 0
2204 1 0 0 0 0
2205 1 0 0 0 0
2206 1 0 0 0 0
2210 1 0 0 0 0
2215 8 0 0 0 0
2383 2 0 0 0 0
2385 1 0 0 0 0
2386 1 0 0 0 0
2390 13 0 0 0 0
2392 15 3 1 0 0
2396 107 42 14 0 0
2397 19 0 0 0 0
2399 4 2 0 0 0
2405 14 2 0 2 2
2426 6 1 1 0 0
2433 6 1 0 0 0
2435 3 0 0 0 0
2480 3 1 0 0 0
2481 6 1 1 0 0
2483 3 0 0 0 0
2553 3 1 0 0 0
2583 3 1 1 0 0
fn=handle_ld_preload
108 3 1 0 0 0
672 1 0 0 0 0
676 1 0 0 0 0
677 2 0 0 0 0
678 1 0 0 0 0
680 1 0 0 0 0
682 13 0 0 0 0
683 3 1 0 0 0
696 3 0 0 0 0
757 9 0 0 0 0
758 1 0 0 0 0
762 6 2 0 0 0
766 2 1 1 0 0
768 6 0 0 0 0
769 2 0 0 0 0
776 4 2 0 0 0
779 2 1 0 0 0
780 1 0 0 0 0
783 9 0 0 0 0
fn=init_tls
589 2 0 0 0 0
591 2 0 0 0 0
595 2 1 0 0 0
604 1 0 0 0 0
605 4 0 0 0 0
610 1 0 0 0 0
611 2 0 0 0 0
612 1 0 0 0 0
616 2 1 1 0 0
617 1 0 0 0 0
618 11 5 1 0 0
619 8 0 0 0 0
620 8 4 3 0 0
624 3 0 0 0 0
626 1 0 0 0 0
628 3 1 1 0 0
631 1 0 0 0 0
638 2 0 0 0 0
639 2 1 1 0 0
645 2 0 0 0 0
648 7 1 1 0 0
651 1 0 0 0 0
653 1 0 0 0 0
654 2 0 0 0 0
fn=map_doit
496 2 0 0 0 0
498 1 0 0 0 0
499 9 0 0 0 0
501 2 0 0 0 0
fn=rtld_lock_default_lock_recursive
704 10 0 0 0 0
fn=rtld_lock_default_unlock_recursive
710 10 0 0 0 0
fn=version_check_doit
529 2 0 0 0 0
531 6 1 1 0 0
535 2 0 0 0 0
fl=/build/glibc-LK5gWL/glibc-2.23/elf/setup-vdso.h
fn=dl_main
24 2 1 1 0 0
fl=/build/glibc-LK5gWL/glibc-2.23/io/../sysdeps/unix/syscall-template.S
fn=__open_nocancel
84 5 1 0 0 0
fn=__write_nocancel
84 5 1 0 0 0
fn=access
84 12 3 3 0 0
86 15 0 0 0 0
fn=close
84 12 3 0 0 0
85 3 0 0 0 0
fn=open
84 30 8 2 0 0
85 3 0 0 0 0
86 20 0 0 0 0
fn=read
84 8 2 0 0 0
85 2 0 0 0 0
fn=write
84 2 1 0 0 0
fl=/build/glibc-LK5gWL/glibc-2.23/io/../sysdeps/unix/sysv/linux/wordsize-64/fxstat.c
fn=_fxstat
33 4 0 0 0 0
34 8 4 0 0 0
35 24 4 0 0 0
39 4 0 0 0 0
fl=/build/glibc-LK5gWL/glibc-2.23/io/../sysdeps/unix/sysv/linux/wordsize-64/xstat.c
fn=_xstat
33 4 0 0 0 0
34 8 4 0 0 0
35 36 4 3 0 0
39 1 0 0 0 0
fl=/build/glibc-LK5gWL/glibc-2.23/libio/filedoalloc.c
fn=_IO_file_doallocate
95 5 0 0 0 0
110 8 2 0 1 1
112 4 1 0 0 0
123 3 1 1 0 0
127 3 0 0 0 0
128 2 1 0 0 0
129 1 0 0 0 0
130 4 0 0 0 0
131 1 0 0 0 0
132 5 0 0 0 0
fl=/build/glibc-LK5gWL/glibc-2.23/libio/fileops.c
fn=_IO_do_write@@GLIBC_2.2.5
492 8 0 0 0 0
494 7 1 1 0 0
495 6 0 0 0 0
503 2 1 1 0 0
509 2 0 0 0 0
518 6 0 0 1 1
519 5 2 0 0 0
521 4 0 0 0 0
522 2 0 0 0 0
523 1 0 0 0 0
524 3 1 0 0 0
525 4 1 1 0 0
fn=_IO_file_close
1250 5 1 1 0 0
1251 1 0 0 0 0
fn=_IO_file_close_it@@GLIBC_2.2.5
158 3 0 0 0 0
160 3 1 0 0 0
163 5 1 1 0 0
165 9 1 1 0 0
167 1 0 0 0 0
169 2 0 0 0 0
172 8 1 1 1 1
176 3 1 1 0 0
185 5 0 0 0 0
186 3 0 0 0 0
187 3 0 0 0 0
189 2 0 0 0 0
190 1 0 0 0 0
191 1 0 0 0 0
192 1 0 0 0 0
194 3 0 0 0 0
195 4 0 0 0 0
fn=_IO_file_finish@@GLIBC_2.2.5
200 2 0 0 0 0
201 2 1 1 0 0
207 3 0 0 0 0
208 1 0 0 0 0
fn=_IO_file_fopen@@GLIBC_2.2.5
249 7 0 0 0 0
260 2 1 0 0 0
262 7 3 1 0 0
274 1 0 0 0 0
275 1 0 0 0 0
276 1 0 0 0 0
277 1 0 0 0 0
287 18 8 1 0 0
292 2 0 0 0 0
293 1 0 0 0 0
328 7 0 0 0 0
331 2 1 0 0 0
348 4 0 0 0 0
349 3 1 1 0 0
425 8 0 0 0 0
fn=_IO_file_init@@GLIBC_2.2.5
144 4 0 0 0 0
148 2 0 0 0 0
149 1 0 0 0 0
151 1 0 0 0 0
152 1 0 0 0 0
153 4 0 0 0 0
fn=_IO_file_open
214 6 0 0 0 0
217 2 1 1 0 0
221 7 0 0 0 0
225 2 1 0 0 0
227 1 0 0 0 0
228 6 0 0 0 0
231 3 1 0 0 0
241 2 0 0 0 0
242 1 0 0 0 0
243 4 0 0 0 0
fn=_IO_file_overflow@@GLIBC_2.2.5
807 5 0 0 0 0
808 3 1 0 0 0
815 2 1 1 0 0
818 2 1 1 0 0
820 2 0 0 0 0
821 6 0 0 0 0
830 2 1 0 0 0
839 4 1 0 0 0
841 1 0 0 0 0
842 2 0 0 0 0
843 1 0 0 0 0
844 2 0 0 0 0
846 3 0 0 0 0
847 5 2 1 0 0
850 2 1 0 0 0
853 2 1 0 0 0
856 3 0 0 0 0
857 3 1 0 0 0
858 2 1 1 0 0
862 1 0 0 0 0
863 4 0 0 0 0
fn=_IO_file_stat
1229 1 0 0 0 0
1230 3 0 0 0 0
fn=_IO_file_write@@GLIBC_2.2.5
1256 6 0 0 0 0
1258 10 2 1 0 0
1262 2 0 0 0 0
1263 6 1 1 0 0
1264 2 1 0 0 0
1269 1 0 0 0 0
1270 1 0 0 0 0
1273 3 1 1 0 0
1276 6 0 0 0 0
fn=_IO_file_xsputn@@GLIBC_2.2.5
1280 10 0 0 0 0
1286 4 2 1 0 0
1287 2 0 0 0 0
1293 4 1 0 0 0
1310 4 1 0 0 0
1311 1 0 0 0 0
1314 4 1 0 0 0
1319 5 0 0 0 0
1324 1 0 0 0 0
1325 3 0 0 0 0
1327 2 1 0 0 0
1354 2 0 0 0 0
1355 9 0 0 0 0
fl=/build/glibc-LK5gWL/glibc-2.23/libio/genops.c
fn=_IO_cleanup
888 12 4 2 0 0
890 6 3 1 0 0
892 6 2 2 0 0
898 1 0 0 0 0
928 3 0 0 0 0
948 5 0 0 0 0
951 3 0 0 0 0
963 7 0 0 0 0
fn=_IO_default_finish
60 2 1 0 0 0
639 4 0 0 0 0
641 3 1 0 0 0
647 3 1 1 0 0
650 3 1 1 0 0
662 4 0 0 0 0
fn=_IO_doallocbuf
394 3 0 0 0 0
395 2 1 1 0 0
397 4 1 1 0 0
398 5 1 0 1 1
401 4 0 0 0 0
fn=_IO_flush_all_lockp
760 8 0 0 0 0
766 4 1 1 0 0
771 1 0 0 0 0
772 1 0 0 0 0
773 8 4 3 0 0
775 3 0 0 0 0
776 6 3 3 0 0
777 2 0 0 0 0
779 21 6 3 0 0
789 6 3 3 0 0
791 3 0 0 0 0
793 11 3 0 0 0
800 3 0 0 0 0
804 2 1 1 0 0
806 2 1 1 0 0
810 9 0 0 0 0
fn=_IO_link_in
97 3 0 0 0 0
98 6 2 1 0 0
100 3 0 0 0 0
102 6 1 1 0 0
103 13 3 2 0 0
104 1 0 0 0 0
105 17 4 2 0 0
107 2 0 0 0 0
108 1 0 0 0 0
109 1 0 0 0 0
111 15 4 3 0 0
112 1 0 0 0 0
113 9 3 2 0 0
114 2 1 0 0 0
117 5 0 0 0 0
fn=_IO_no_init
599 9 0 0 0 0
600 1 0 0 0 0
601 1 0 0 0 0
603 2 1 0 0 0
605 1 0 0 0 0
606 1 0 0 0 0
607 1 0 0 0 0
608 1 0 0 0 0
609 1 0 0 0 0
610 1 0 0 0 0
611 1 0 0 0 0
612 1 0 0 0 0
613 1 0 0 0 0
614 1 0 0 0 0
615 1 0 0 0 0
616 1 0 0 0 0
618 1 0 0 0 0
625 1 0 0 0 0
626 6 0 0 0 0
fn=_IO_old_init
570 2 0 0 0 0
571 1 0 0 0 0
572 1 0 0 0 0
573 1 0 0 0 0
574 1 0 0 0 0
575 1 0 0 0 0
576 1 0 0 0 0
577 1 0 0 0 0
578 1 0 0 0 0
579 1 0 0 0 0
580 1 0 0 0 0
582 1 0 0 0 0
583 1 0 0 0 0
584 1 0 0 0 0
585 1 0 0 0 0
586 2 0 0 0 0
591 3 1 0 0 0
592 4 0 0 0 0
fn=_IO_setb
380 6 0 0 0 0
381 10 3 2 0 0
382 6 0 0 0 0
383 2 0 0 0 0
384 2 0 0 0 0
386 12 0 0 0 0
389 9 0 0 0 0
fn=_IO_un_link
59 4 0 0 0 0
60 4 2 1 0 0
64 6 1 0 0 0
65 13 3 2 0 0
66 1 0 0 0 0
67 19 4 2 0 0
69 3 1 0 0 0
71 2 1 1 0 0
73 3 0 0 0 0
74 1 0 0 0 0
84 2 0 0 0 0
86 16 4 3 0 0
87 1 0 0 0 0
88 9 3 2 0 0
89 2 1 0 0 0
92 5 0 0 0 0
fn=_IO_unsave_markers
1047 1 0 0 0 0
1049 2 1 1 0 0
1068 3 1 1 0 0
1070 1 0 0 0 0
fn=__overflow
230 3 1 1 0 0
232 3 0 0 1 1
fl=/build/glibc-LK5gWL/glibc-2.23/libio/iofclose.c
fn=fclose@@GLIBC_2.2.5
39 4 0 0 0 0
53 3 1 1 0 0
54 1 0 0 0 0
56 19 4 2 0 0
57 2 1 0 0 0
58 5 0 0 0 0
62 4 0 0 1 1
63 3 1 1 0 0
78 2 1 1 0 0
81 6 3 0 0 0
84 2 0 0 0 0
88 5 0 0 0 0
fl=/build/glibc-LK5gWL/glibc-2.23/libio/iofopen.c
fn=__fopen_internal
61 8 0 0 0 0
69 2 0 0 0 0
71 3 1 0 0 0
74 2 0 0 0 0
77 6 0 0 0 0
81 2 0 0 0 0
82 2 0 0 0 0
86 7 1 0 0 0
87 2 0 0 0 0
92 5 0 0 0 0
fn=__fopen_maybe_mmap
39 1 0 0 0 0
41 2 1 1 0 0
56 1 0 0 0 0
fn=fopen@@GLIBC_2.2.5
97 2 0 0 0 0
fl=/build/glibc-LK5gWL/glibc-2.23/libio/libioP.h
fn=fclose@@GLIBC_2.2.5
866 2 1 0 0 0
867 9 3 2 0 0
fl=/build/glibc-LK5gWL/glibc-2.23/malloc/arena.c
fn=malloc_hook_ini
260 3 1 1 0 0
fn=ptmalloc_init.part.5
221 237 79 1 0 0
223 156 78 6 0 0
224 2 1 0 0 0
225 2 1 1 0 0
239 78 0 0 0 0
258 6 0 0 0 0
263 1 0 0 0 0
271 2 1 1 0 0
272 7 1 0 0 0
273 4 1 0 0 0
277 3 0 0 0 0
279 5 1 0 0 0
295 2 0 0 0 0
340 2 1 1 0 0
346 2 0 0 0 0
347 2 1 1 0 0
349 1 0 0 0 0
350 7 0 0 0 0
fn=sysmalloc
488 87 0 0 0 0
fl=/build/glibc-LK5gWL/glibc-2.23/malloc/hooks.c
fn=malloc_hook_ini
29 4 0 0 0 0
30 2 0 0 0 0
33 4 0 0 0 0
fl=/build/glibc-LK5gWL/glibc-2.23/malloc/malloc.c
fn=_int_free
1886 120612 40204 0 0 0
3841 402040 0 0 0 0
3854 120612 0 0 0 0
3860 160816 40204 2 0 0
3861 80408 40204 2 0 0
3872 160816 80408 0 0 0
3885 80408 40204 3 0 0
3896 160004 40001 0 0 0
3897 120003 40001 0 0 0
3921 40001 0 0 0 0
3923 120003 40001 2 0 0
3924 120003 0 0 0 0
3925 40001 0 0 0 0
3928 40001 0 0 0 0
3934 280007 40001 0 0 0
3943 160004 40001 2 0 0
3945 40001 0 0 0 0
3947 240006 80002 4 0 0
3949 160004 80002 2 0 0
3960 406 203 0 0 0
3961 609 203 2 0 0
3962 1015 406 4 0 0
3963 406 0 0 0 0
3966 203 0 0 0 0
3970 812 203 0 0 0
3976 1421 406 4 0 0
3984 609 203 0 0 0
3990 406 0 0 0 0
3991 406 203 0 0 0
3992 406 203 0 0 0
4001 406 203 3 0 0
4002 199 0 0 0 0
4003 199 0 0 0 0
4004 199 0 0 0 0
4005 3383 995 2 0 0
4008 406 203 1 0 0
4013 402 201 3 0 0
4014 18 5 2 0 0
4015 1 0 0 0 0
4017 400 0 0 0 0
4025 201 0 0 0 0
4026 201 0 0 0 0
4027 402 201 0 0 0
4032 201 0 0 0 0
4033 201 0 0 0 0
4034 402 201 0 0 0
4036 201 0 0 0 0
4037 201 0 0 0 0
4039 201 0 0 0 0
4040 201 0 0 0 0
4042 603 0 0 0 0
4043 201 0 0 0 0
4054 2 0 0 0 0
4055 6 0 0 0 0
4056 4 0 0 0 0
4073 406 203 4 0 0
4074 366 183 1 0 0
4075 3 0 0 0 0
4077 549 183 6 0 0
4079 915 183 0 0 0
4081 915 0 0 0 0
4093 609 203 0 0 0
4094 609 203 0 0 0
4095 1015 406 12 0 0
4105 321632 0 0 0 0
fn=_int_malloc
1879 120641 40204 8 0 0
3319 281428 0 0 0 0
3349 402040 40204 0 0 0
3353 120612 40204 0 0 0
3367 80408 40204 7 0 0
3369 160004 0 0 0 0
3370 80002 0 0 0 0
3371 40001 0 0 0 0
3375 80002 40001 2 0 0
3404 80408 40204 2 0 0
3406 120006 0 0 0 0
3407 160008 0 0 0 0
3409 120006 40002 3 0 0
3448 2018 403 1 0 0
3449 404 202 3 0 0
3450 4 0 0 0 0
3469 201023 40205 7 0 0
3471 1 0 0 0 0
3472 3 1 0 0 0
3473 2 1 0 0 0
3476 1 0 0 0 0
3486 4 2 1 0 0
3487 2 1 1 0 0
3515 1 0 0 0 0
3516 1 0 0 0 0
3520 2 1 0 0 0
3533 2 1 0 0 0
3536 1 0 0 0 0
3541 23 5 4 0 0
3542 4 0 0 0 0
3543 1 0 0 0 0
3546 2 1 1 0 0
3584 4 0 0 0 0
3587 5 0 0 0 0
3588 1 0 0 0 0
3589 1 0 0 0 0
3590 1 0 0 0 0
3591 1 0 0 0 0
3594 2 1 0 0 0
3603 80408 40204 4 0 0
3605 808 0 0 0 0
3608 808 202 4 0 0
3676 80408 0 0 0 0
3677 80408 0 0 0 0
3678 80408 0 0 0 0
3679 80408 0 0 0 0
3680 80408 0 0 0 0
3685 80412 40206 7 0 0
3689 320623 120208 4 0 0
3692 440026 120006 1 0 0
3694 2 0 0 0 0
3695 2 0 0 0 0
3699 116 58 12 0 0
3701 56 0 0 0 0
3703 112 56 0 0 0
3707 2 0 0 0 0
3710 4 2 1 0 0
3712 5 0 0 0 0
3713 1 0 0 0 0
3714 1 0 0 0 0
3719 2 0 0 0 0
3722 2 1 0 0 0
3724 3 0 0 0 0
3727 29 8 2 0 0
3730 2 1 1 0 0
3740 1 0 0 0 0
3745 1 0 0 0 0
3746 2 1 0 0 0
3751 1 0 0 0 0
3752 1 0 0 0 0
3753 1 0 0 0 0
3754 1 0 0 0 0
3757 2 1 0 0 0
3758 1 0 0 0 0
3759 2 1 0 0 0
3761 1 0 0 0 0
3762 1 0 0 0 0
3764 8 0 0 0 0
3766 4 0 0 0 0
3767 3 0 0 0 0
3770 1 0 0 0 0
3792 40203 0 0 0 0
3793 80406 0 0 0 0
3795 120609 40203 33 0 0
3797 40174 0 0 0 0
3798 40174 0 0 0 0
3799 40174 0 0 0 0
3800 321392 0 0 0 0
3802 80348 0 0 0 0
3805 40174 0 0 0 0
3812 58 29 5 0 0
3817 120612 0 0 0 0
3819 1045304 0 0 0 0
3827 87 0 0 0 0
3828 58 29 3 0 0
3833 361836 0 0 0 0
5002 120612 0 0 0 0
5004 160816 0 0 0 0
fn=free
2934 201020 0 0 0 0
2939 80408 0 0 0 0
2940 80408 40204 0 0 0
2946 80408 40204 0 0 0
2949 40204 0 0 0 0
2951 120612 40204 0 0 0
2967 120612 40204 10 0 0
2968 80408 0 0 0 0
2969 241224 0 0 0 0
fn=malloc
2902 120612 0 0 0 0
2907 80408 0 0 0 0
2908 80408 40204 2 0 0
2909 2 0 0 1 1
2911 562842 160812 26 0 0
2913 160812 0 0 0 0
2916 80406 40203 0 0 0
2924 160812 80406 12 0 0
2926 442233 160812 3 0 0
2929 160815 0 0 0 0
fn=malloc_consolidate
1805 254 127 9 0 0
1808 381 0 0 0 0
1812 3 1 1 0 0
1816 3 0 0 0 0
1817 3 0 0 0 0
1819 1 0 0 0 0
4122 16 0 0 0 0
4144 6 3 1 0 0
4145 6 2 2 0 0
4147 2 0 0 0 0
4157 4 0 0 0 0
4158 2 0 0 0 0
4160 40 20 0 0 0
4161 46 20 8 0 0
4164 40001 0 0 0 0
4167 120003 0 0 0 0
4168 40001 0 0 0 0
4169 80002 0 0 0 0
4171 80002 40001 214 0 0
4172 399 0 0 0 0
4173 399 0 0 0 0
4174 399 0 0 0 0
4175 5590 1597 6 0 0
4178 80002 40001 211 0 0
4181 798 399 1 0 0
4182 1 0 0 0 0
4183 14 4 1 0 0
4185 796 0 0 0 0
4187 399 0 0 0 0
4188 399 0 0 0 0
4189 399 0 0 0 0
4191 798 399 6 0 0
4196 1197 0 0 0 0
4197 399 0 0 0 0
4198 399 0 0 0 0
4199 798 0 0 0 0
4204 118806 0 0 0 0
4205 79204 0 0 0 0
4208 80008 40001 12 0 0
4211 80 20 11 0 0
4217 16 0 0 0 0
4996 4 0 0 0 0
5002 4 0 0 0 0
5004 12 0 0 0 0
fn=malloc_hook_ini
2908 2 1 1 0 0
2911 13 4 3 0 0
2913 4 0 0 0 0
2916 2 1 0 0 0
2923 2 0 0 0 0
2924 4 2 2 0 0
2926 11 4 1 0 0
fn=sysmalloc
2268 232 0 0 0 0
2288 58 0 0 0 0
2299 58 29 0 0 0
2300 145 29 0 0 0
2315 145 0 0 0 0
2321 29 0 0 0 0
2380 29 0 0 0 0
2381 87 0 0 0 0
2382 29 0 0 0 0
2391 314 114 4 0 0
2397 116 29 0 0 0
2400 87 29 3 0 0
2455 116 0 0 0 0
2463 58 29 2 0 0
2464 29 0 0 0 0
2474 174 0 0 0 0
2482 58 29 3 0 0
2484 174 0 0 29 1
2485 29 0 0 0 0
2488 116 29 0 0 0
2491 58 0 0 0 0
2492 58 29 0 0 0
2512 58 0 0 0 0
2538 58 29 1 0 0
2539 5 0 0 0 0
2540 87 0 0 0 0
2546 114 57 1 0 0
2547 140 0 0 0 0
2549 7 3 0 0 0
2586 2 1 1 0 0
2592 3 1 1 0 0
2611 1 0 0 0 0
2614 2 0 0 0 0
2615 6 0 0 0 0
2617 2 1 0 0 0
2618 3 0 0 1 1
2630 2 1 0 0 0
2638 3 0 0 0 0
2639 3 1 0 0 0
2677 1 0 0 0 0
2678 5 0 0 0 0
2679 2 0 0 0 0
2690 2 1 1 0 0
2723 58 29 0 0 0
2724 29 0 0 0 0
2732 116 29 0 0 0
2734 29 0 0 0 0
2735 29 0 0 0 0
2736 29 0 0 0 0
2737 232 0 0 0 0
2738 58 0 0 0 0
2740 29 0 0 0 0
2746 261 0 0 0 0
fn=systrim.isra.2
2759 1281 0 0 0 0
2769 183 0 0 0 0
2770 549 0 0 0 0
2772 183 0 0 0 0
2773 366 183 0 0 0
2774 181 0 0 0 0
2777 549 0 0 0 0
2779 366 183 2 0 0
2786 12 0 0 2 1
2787 8 2 0 0 0
2799 6 0 0 2 1
2801 4 0 0 0 0
2802 4 2 0 0 0
2804 4 0 0 2 1
2806 2 0 0 0 0
2808 4 2 0 0 0
2812 4 2 0 0 0
2815 2 0 0 0 0
2816 8 0 0 0 0
2818 4 0 0 0 0
2823 1464 0 0 0 0
fl=/build/glibc-LK5gWL/glibc-2.23/malloc/morecore.c
fn=__default_morecore
46 36 0 0 0 0
47 36 0 0 0 0
48 108 0 0 0 0
52 72 0 0 0 0
fl=/build/glibc-LK5gWL/glibc-2.23/misc/../sysdeps/unix/syscall-template.S
fn=__syscall_clock_gettime
65 4 0 0 0 0
66 2 0 0 0 0
fn=mprotect
84 24 6 0 0 0
85 6 0 0 0 0
fn=munmap
84 4 1 0 0 0
85 1 0 0 0 0
fl=/build/glibc-LK5gWL/glibc-2.23/misc/../sysdeps/unix/sysv/linux/wordsize-64/mmap.c
fn=mmap
32 80 0 0 0 0
33 46 15 10 0 0
34 80 8 0 0 0
36 56 0 0 0 0
fl=/build/glibc-LK5gWL/glibc-2.23/misc/../sysdeps/unix/sysv/linux/x86_64/brk.c
fn=brk
31 256 32 0 0 0
33 64 32 0 0 0
39 32 0 0 0 0
40 32 0 0 0 0
fl=/build/glibc-LK5gWL/glibc-2.23/misc/init-misc.c
fn=__init_misc
30 3 0 0 0 0
31 6 2 0 0 0
33 3 0 0 0 0
37 5 0 0 0 0
38 3 0 0 0 0
40 4 0 0 0 0
fl=/build/glibc-LK5gWL/glibc-2.23/misc/sbrk.c
fn=sbrk
34 144 0 0 0 0
42 249 71 3 0 0
43 6 1 0 0 0
46 72 36 3 0 0
50 190 62 7 0 0
58 124 31 0 0 0
62 180 0 0 0 0
fl=/build/glibc-LK5gWL/glibc-2.23/nptl/unregister-atfork.c
fn=__unregister_atfork
28 4 0 0 0 0
36 1 0 0 0 0
39 2 1 1 0 0
121 3 0 0 0 0
fl=/build/glibc-LK5gWL/glibc-2.23/posix/../sysdeps/unix/syscall-template.S
fn=uname
84 4 1 0 0 0
85 1 0 0 0 0
fl=/build/glibc-LK5gWL/glibc-2.23/posix/../sysdeps/unix/sysv/linux/_exit.c
fn=_Exit
27 2 0 0 0 0
31 4 0 0 0 0
33 2 0 0 0 0
fl=/build/glibc-LK5gWL/glibc-2.23/rt/../sysdeps/unix/clock_gettime.c
fn=clock_gettime
93 10 0 0 0 0
115 16 4 2 2 1
134 8 0 0 0 0
fl=/build/glibc-LK5gWL/glibc-2.23/setjmp/../sysdeps/x86_64/bsd-_setjmp.S
fn=_setjmp
30 1 0 0 0 0
32 1 0 0 0 0
fl=/build/glibc-LK5gWL/glibc-2.23/setjmp/../sysdeps/x86_64/setjmp.S
fn=__sigsetjmp
26 4 0 0 0 0
35 4 0 0 0 0
36 8 0 0 0 0
37 4 0 0 0 0
41 4 0 0 0 0
42 4 0 0 0 0
43 4 0 0 0 0
44 4 0 0 0 0
45 4 0 0 0 0
47 8 0 0 0 0
49 4 0 0 0 0
50 4 0 0 0 0
51 4 0 0 0 0
53 8 0 0 0 0
55 4 0 0 0 0
59 3 0 0 0 0
60 3 0 0 0 0
64 1 0 0 0 0
fl=/build/glibc-LK5gWL/glibc-2.23/setjmp/sigjmp.c
fn=__sigjmp_save
28 3 0 0 0 0
29 3 1 1 0 0
34 3 0 0 0 0
fl=/build/glibc-LK5gWL/glibc-2.23/stdio-common/../include/../locale/localeinfo.h
fn=__printf_fp_l
306 3 0 0 0 0
fl=/build/glibc-LK5gWL/glibc-2.23/stdio-common/../include/rounding-mode.h
fn=__printf_fp_l
52 6 3 1 0 0
fl=/build/glibc-LK5gWL/glibc-2.23/stdio-common/../sysdeps/generic/get-rounding-mode.h
fn=__printf_fp_l
94 1 0 0 0 0
95 7 3 1 0 0
fl=/build/glibc-LK5gWL/glibc-2.23/stdio-common/../sysdeps/pthread/allocalim.h
fn=__printf_fp_l
29 2 1 0 0 0
fl=/build/glibc-LK5gWL/glibc-2.23/stdio-common/fprintf.c
fn=fprintf
27 15 1 0 0 0
31 6 0 0 0 0
32 2 0 0 0 0
36 2 0 0 0 0
fl=/build/glibc-LK5gWL/glibc-2.23/stdio-common/printf-parse.h
fn=vfprintf
108 10 0 0 0 0
fl=/build/glibc-LK5gWL/glibc-2.23/stdio-common/printf_fp.c
fn=__printf_fp
1256 1 0 0 0 0
1257 5 0 0 0 0
fn=__printf_fp_l
172 18 6 3 0 0
174 18 6 1 0 0
176 24 0 0 0 0
177 54 0 0 0 0
215 11 0 0 0 0
245 1 0 0 0 0
248 1 0 0 0 0
254 6 0 0 0 0
261 1 0 0 0 0
264 2 1 0 0 0
267 2 0 0 0 0
285 3 1 0 0 0
316 2 0 0 0 0
318 1 0 0 0 0
332 2 1 1 0 0
334 1 0 0 0 0
378 1 0 0 0 0
381 2 1 0 0 0
395 4 1 0 0 0
411 9 0 0 0 0
415 3 0 0 0 0
435 12 0 0 0 0
451 1 0 0 0 0
454 9 0 0 0 0
455 7 0 0 0 0
456 4 0 0 0 0
457 4 0 0 0 0
463 1 0 0 0 0
464 2 1 0 0 0
568 1 0 0 0 0
638 2 1 0 0 0
806 4 0 0 0 0
807 5 0 0 0 0
808 1 0 0 0 0
812 2 0 0 0 0
821 1 0 0 0 0
822 6 0 0 0 0
824 2 1 0 0 0
834 2 1 1 0 0
836 1 0 0 0 0
837 10 1 1 0 0
838 1 0 0 0 0
839 1 0 0 0 0
840 3 1 0 0 0
842 3 0 0 0 0
844 2 0 0 0 0
882 3 1 1 0 0
896 7 2 0 0 0
903 1 0 0 0 0
913 7 0 0 0 0
914 10 0 0 0 0
917 3 1 1 0 0
920 11 2 0 0 0
923 4 0 0 0 0
925 1 0 0 0 0
927 5 2 0 0 0
929 4 0 0 0 0
941 3 0 0 0 0
942 7 0 0 0 0
943 28 7 4 0 0
944 5 1 1 0 0
946 6 0 0 0 0
947 6 0 0 0 0
948 6 0 0 0 0
950 12 6 2 0 0
959 5 1 0 0 0
960 3 0 0 0 0
962 5 2 1 0 0
963 2 0 0 0 0
964 3 1 0 0 0
967 9 1 0 0 0
971 1 0 0 0 0
972 6 2 0 0 0
984 3 1 0 0 0
989 8 2 1 0 0
994 3 1 1 0 0
998 2 0 0 0 0
1009 4 1 0 0 0
1078 4 1 0 0 0
1085 2 1 1 0 0
1088 2 1 1 0 0
1101 3 1 1 0 0
1147 6 2 1 0 0
1149 7 0 0 0 0
1151 5 2 1 0 0
1154 2 1 1 0 0
1156 3 1 1 0 0
1157 1 0 0 0 0
1158 2 1 1 0 0
1159 4 0 0 0 0
1161 4 2 1 0 0
1170 3 1 0 0 0
1177 4 1 1 0 0
1180 1 0 0 0 0
1182 3 0 0 0 0
1184 3 1 1 0 0
1185 2 0 0 0 0
1189 5 0 0 0 0
1191 3 1 1 0 0
1202 6 0 0 0 0
1209 37 9 2 0 0
1210 24 8 2 0 0
1211 5 0 0 0 0
1212 14 7 0 0 0
1215 14 0 0 0 0
1219 2 1 0 0 0
1236 102 19 8 0 0
1239 3 1 0 0 0
1246 2 1 1 0 0
1250 9 0 0 0 0
fn=hack_digit
169 6 0 0 0 0
172 6 2 2 0 0
174 8 2 2 0 0
176 8 0 0 0 0
177 10 0 0 0 0
209 12 0 0 0 0
fl=/build/glibc-LK5gWL/glibc-2.23/stdio-common/vfprintf.c
fn=vfprintf
1236 8 0 0 0 0
1267 3 0 0 0 0
1275 4 1 0 0 0
1279 5 2 1 0 0
1290 5 1 1 0 0
1301 6 0 0 0 0
1312 1 0 0 0 0
1316 10 2 1 0 0
1317 14 3 2 0 0
1320 15 2 2 1 1
1324 3 1 0 0 0
1328 12 3 1 0 0
1349 1 0 0 0 0
1350 1 0 0 0 0
1351 1 0 0 0 0
1352 1 0 0 0 0
1353 1 0 0 0 0
1354 1 0 0 0 0
1355 1 0 0 0 0
1356 1 0 0 0 0
1357 1 0 0 0 0
1358 1 0 0 0 0
1359 1 0 0 0 0
1362 1 0 0 0 0
1363 1 0 0 0 0
1366 1 0 0 0 0
1367 4 0 0 1 1
1370 16 1 0 0 0
1531 2 0 0 0 0
1552 2 0 0 0 0
1603 1 0 0 0 0
1604 18 1 0 1 1
1631 76 10 5 0 0
1632 2 0 0 0 0
1649 1 0 0 0 0
1651 2 1 1 0 0
1659 4 0 0 0 0
1663 25 3 0 1 1
1665 3 1 0 0 0
1685 10 4 3 0 0
1686 2 1 1 0 0
1688 1 0 0 0 0
1689 8 0 0 0 0
fl=/build/glibc-LK5gWL/glibc-2.23/stdlib/../stdlib/strtol.c
fn=strtol
106 12 0 0 0 0
fl=/build/glibc-LK5gWL/glibc-2.23/stdlib/../stdlib/strtol_l.c
fn=____strtol_l_internal
227 27 0 0 0 0
247 3 0 0 0 0
253 6 3 3 0 0
274 3 0 0 0 0
275 3 0 0 0 0
284 12 6 0 0 0
293 18 3 3 0 0
295 6 3 0 0 0
299 3 0 0 0 0
300 6 3 0 0 0
305 6 3 0 0 0
309 6 3 0 0 0
319 6 3 2 0 0
326 6 3 2 0 0
329 9 3 2 0 0
348 12 0 0 0 0
371 3 0 0 0 0
433 18 0 0 0 0
435 51 24 5 0 0
437 27 9 6 0 0
451 15 0 0 0 0
454 3 0 0 0 0
455 12 0 0 0 0
465 27 9 0 0 0
468 36 18 4 0 0
473 15 0 0 0 0
474 36 0 0 0 0
479 6 3 0 0 0
484 6 3 2 0 0
490 6 3 0 0 0
491 9 3 2 0 0
493 9 3 1 0 0
508 6 0 0 0 0
526 24 0 0 0 0
fl=/build/glibc-LK5gWL/glibc-2.23/stdlib/../sysdeps/ieee754/dbl-64/dbl2mpn.c
fn=__mpn_extract_double
33 1 0 0 0 0
37 3 0 0 0 0
38 5 0 0 0 0
47 3 0 0 0 0
56 3 1 1 0 0
103 3 0 0 0 0
107 2 0 0 0 0
fl=/build/glibc-LK5gWL/glibc-2.23/stdlib/../sysdeps/x86_64/lshift.S
fn=__mpn_lshift
29 1 0 0 0 0
30 1 0 0 0 0
32 1 0 0 0 0
33 1 0 0 0 0
34 1 1 1 0 0
46 1 0 0 0 0
47 1 1 0 0 0
48 1 0 0 0 0
49 1 0 0 0 0
50 1 0 0 0 0
51 1 0 0 0 0
52 1 1 1 0 0
58 1 0 0 0 0
59 1 0 0 0 0
60 1 0 0 0 0
fl=/build/glibc-LK5gWL/glibc-2.23/stdlib/../sysdeps/x86_64/mul_1.S
fn=__mpn_mul_1
32 8 0 0 0 0
35 8 0 0 0 0
36 8 0 0 0 0
37 8 0 0 0 0
38 8 0 0 0 0
39 8 0 0 0 0
41 8 0 0 0 0
42 8 0 0 0 0
44 8 0 0 0 0
45 8 8 0 0 0
46 8 0 0 0 0
47 8 8 0 0 0
48 8 8 0 0 0
50 8 0 0 0 0
51 8 8 0 0 0
52 8 0 0 0 0
53 8 0 0 0 0
122 8 0 0 0 0
124 8 0 0 0 0
127 8 0 0 0 0
fl=/build/glibc-LK5gWL/glibc-2.23/stdlib/atoi.c
fn=atoi
26 3 0 0 0 0
27 9 0 0 0 0
28 6 0 0 0 0
fl=/build/glibc-LK5gWL/glibc-2.23/stdlib/cxa_atexit.c
fn=__cxa_atexit
35 2 0 0 0 0
37 2 1 0 0 0
41 3 0 0 0 0
43 1 0 0 0 0
44 1 0 0 0 0
45 1 0 0 0 0
47 1 0 0 0 0
48 1 0 0 0 0
57 6 0 0 0 0
59 4 0 0 0 0
fn=__new_exitfn
73 4 0 0 0 0
79 6 2 2 0 0
81 9 2 1 0 0
83 3 1 1 0 0
91 2 0 0 0 0
112 1 0 0 0 0
113 2 0 0 0 0
126 1 0 0 0 0
127 1 0 0 0 0
130 4 2 2 0 0
133 5 0 0 0 0
fl=/build/glibc-LK5gWL/glibc-2.23/stdlib/cxa_finalize.c
fn=__cxa_finalize
31 8 0 0 0 0
35 7 2 0 0 0
39 6 1 1 0 0
48 1 0 0 0 0
67 7 2 0 0 0
71 6 1 1 0 0
79 2 1 0 0 0
80 2 0 0 0 0
82 7 0 0 0 0
fl=/build/glibc-LK5gWL/glibc-2.23/stdlib/cxa_thread_atexit_impl.c
fn=__call_tls_dtors
145 3 0 0 0 0
146 4 1 1 0 0
164 4 0 0 0 0
fl=/build/glibc-LK5gWL/glibc-2.23/stdlib/exit.c
fn=__run_exit_handlers
35 8 0 0 0 0
40 2 0 0 0 0
46 8 1 0 0 0
50 6 2 1 0 0
52 1 0 0 0 0
53 1 0 0 0 0
54 5 2 1 0 0
78 2 0 0 0 0
80 3 0 0 0 0
82 3 0 0 1 1
83 1 0 0 0 0
87 2 0 0 0 0
88 2 1 0 0 0
94 2 1 0 0 0
95 8 2 0 1 1
97 2 0 0 0 0
fn=exit
103 1 0 0 0 0
104 3 0 0 0 0
fl=/build/glibc-LK5gWL/glibc-2.23/stdlib/rand.c
fn=rand
26 40000 0 0 0 0
27 40000 0 0 0 0
28 80000 0 0 0 0
fl=/build/glibc-LK5gWL/glibc-2.23/stdlib/random.c
fn=random
288 40000 0 0 0 0
291 240000 80000 18 0 0
293 120000 0 0 0 0
295 160000 80000 9 0 0
297 40000 0 0 0 0
298 80000 0 0 0 0
fl=/build/glibc-LK5gWL/glibc-2.23/stdlib/random_r.c
fn=random_r
357 160000 80000 0 0 0
360 118710 0 0 0 0
362 120000 40000 0 0 0
371 40000 0 0 0 0
372 40000 0 0 0 0
373 40000 0 0 0 0
376 120000 0 0 0 0
378 80000 0 0 0 0
379 40000 0 0 0 0
380 80000 40000 1290 0 0
383 40000 0 0 0 0
391 40000 0 0 0 0
392 78710 0 0 0 0
394 41290 0 0 0 0
fl=/build/glibc-LK5gWL/glibc-2.23/string/../bits/stdlib-bsearch.h
fn=intel_check_word
27 8 0 0 0 0
28 16 0 0 0 0
29 112 54 8 0 0
31 152 0 0 0 0
32 54 0 0 0 0
37 10 0 0 0 0
fl=/build/glibc-LK5gWL/glibc-2.23/string/../string/strstr.c
fn=__GI_strstr
53 7 0 0 0 0
58 2 0 0 0 0
63 4 1 1 0 0
65 2 1 1 0 0
66 1 0 0 0 0
89 8 0 0 0 0
fl=/build/glibc-LK5gWL/glibc-2.23/string/../sysdeps/x86_64/cacheinfo.c
fn=handle_intel
261 16 0 0 0 0
262 4 2 0 0 0
273 6 0 0 0 0
275 2 0 0 0 0
276 4 0 0 0 0
278 2 0 0 0 0
284 10 0 0 0 0
289 4 2 0 0 0
291 6 0 0 0 0
292 2 0 0 0 0
296 8 0 0 0 0
297 4 2 0 0 0
300 10 0 0 0 0
301 4 2 2 0 0
318 16 0 0 0 0
fn=init_cacheinfo
482 5 0 0 0 0
494 4 1 1 0 0
496 5 0 0 0 0
499 1 0 0 0 0
500 4 0 0 0 0
502 2 1 0 0 0
511 2 1 0 0 0
513 1 0 0 0 0
514 1 0 0 0 0
516 1 0 0 0 0
521 18 0 0 0 0
527 8 4 4 0 0
530 20 4 1 0 0
532 1 0 0 0 0
538 6 2 0 0 0
545 11 0 0 0 0
547 2 0 0 0 0
548 2 0 0 0 0
549 8 4 0 0 0
551 4 2 1 0 0
556 1 0 0 0 0
558 3 0 0 0 0
559 4 0 0 0 0
564 2 0 0 0 0
565 6 1 1 0 0
596 4 2 0 0 0
597 5 0 0 0 0
652 2 1 0 0 0
654 3 0 0 0 0
655 1 0 0 0 0
657 1 0 0 0 0
658 3 0 0 0 0
659 1 0 0 0 0
662 2 1 0 0 0
664 3 0 0 0 0
665 1 0 0 0 0
667 1 0 0 0 0
668 3 0 0 0 0
669 1 0 0 0 0
671 6 0 0 0 0
fn=intel_check_word
121 108 54 9 0 0
124 54 54 9 0 0
132 24 0 0 0 0
133 8 4 0 0 0
135 2 0 0 0 0
139 28 0 0 0 0
141 24 12 5 0 0
143 10 0 0 0 0
145 20 10 0 0 0
153 20 10 2 0 0
165 17 0 0 0 0
168 15 5 0 0 0
172 10 0 0 0 0
174 10 0 0 0 0
175 26 6 5 0 0
177 21 4 4 0 0
178 10 5 3 0 0
179 10 5 4 0 0
180 6 3 3 0 0
182 2 0 0 0 0
184 4 2 2 0 0
186 32 0 0 0 0
197 3 0 0 0 0
204 16 8 6 0 0
209 8 0 0 0 0
212 24 0 0 0 0
226 8 0 0 0 0
251 8 0 0 0 0
256 24 0 0 0 0
fl=/build/glibc-LK5gWL/glibc-2.23/string/../sysdeps/x86_64/memcpy.S
fn=__GI_mempcpy
61 2 0 0 0 0
65 2 2 0 0 0
68 2 0 0 0 0
69 2 2 1 0 0
71 1 0 0 0 0
72 1 0 0 0 0
74 1 0 0 0 0
75 1 0 0 0 0
80 2 0 0 0 0
81 2 2 1 0 0
83 1 0 0 0 0
84 1 0 0 0 0
86 1 0 0 0 0
87 1 0 0 0 0
92 2 0 0 0 0
93 2 2 1 0 0
104 2 0 0 0 0
105 2 2 2 0 0
116 2 0 0 0 0
117 2 2 2 0 0
138 2 0 0 0 0
142 2 0 0 0 0
fn=mempcpy
61 17 0 0 0 0
65 17 17 2 0 0
68 16 0 0 0 0
69 16 16 9 0 0
71 7 0 0 0 0
72 7 0 0 0 0
74 7 0 0 0 0
75 7 0 0 0 0
80 16 0 0 0 0
81 16 16 6 0 0
83 10 0 0 0 0
84 10 0 0 0 0
86 10 0 0 0 0
87 10 0 0 0 0
92 16 0 0 0 0
93 16 16 11 0 0
95 5 0 0 0 0
96 5 0 0 0 0
98 5 0 0 0 0
99 5 0 0 0 0
104 16 0 0 0 0
105 16 16 9 0 0
107 7 0 0 0 0
108 7 0 0 0 0
110 7 0 0 0 0
111 14 0 0 0 0
116 16 0 0 0 0
117 18 16 13 0 0
122 2 0 0 0 0
123 2 0 0 0 0
124 2 0 0 0 0
125 2 0 0 0 0
127 2 0 0 0 0
129 2 0 0 0 0
130 2 0 0 0 0
132 2 2 0 0 0
138 16 0 0 0 0
142 16 0 0 0 0
154 2 0 0 0 0
156 2 0 0 0 0
157 2 2 2 0 0
183 2 0 0 0 0
184 2 2 0 0 0
187 2 0 0 0 0
188 2 0 0 0 0
189 2 2 0 0 0
194 2 0 0 0 0
196 2 0 0 0 0
197 2 0 0 0 0
198 2 0 0 0 0
199 2 0 0 0 0
201 2 0 0 0 0
202 2 0 0 0 0
203 2 0 0 0 0
204 2 0 0 0 0
206 2 0 0 0 0
207 2 0 0 0 0
209 2 2 2 0 0
231 2 0 0 0 0
233 2 2 1 0 0
235 1 0 0 0 0
242 1 0 0 0 0
fl=/build/glibc-LK5gWL/glibc-2.23/string/../sysdeps/x86_64/multiarch/../memcmp.S
fn=bcmp
24 13 0 0 0 0
25 13 13 0 0 0
26 13 0 0 0 0
27 13 13 0 0 0
28 13 0 0 0 0
29 13 0 0 0 0
30 13 0 0 0 0
31 13 13 0 0 0
34 13 0 0 0 0
35 13 13 8 0 0
36 5 0 0 0 0
37 5 0 0 0 0
38 5 0 0 0 0
39 5 5 0 0 0
40 5 0 0 0 0
41 5 0 0 0 0
42 5 5 2 0 0
44 12 0 0 0 0
45 12 12 5 0 0
46 4 0 0 0 0
47 4 0 0 0 0
48 4 0 0 0 0
49 4 4 0 0 0
50 4 0 0 0 0
51 4 0 0 0 0
52 4 4 0 0 0
54 12 0 0 0 0
55 12 12 7 0 0
56 5 0 0 0 0
57 5 0 0 0 0
58 5 0 0 0 0
59 5 5 2 0 0
60 2 0 0 0 0
61 2 0 0 0 0
62 2 2 0 0 0
64 9 0 0 0 0
65 9 9 4 0 0
66 5 0 0 0 0
67 5 0 0 0 0
68 5 0 0 0 0
69 5 5 4 0 0
74 4 0 0 0 0
75 4 0 0 0 0
76 4 0 0 0 0
77 4 0 0 0 0
78 4 0 0 0 0
79 4 0 0 0 0
80 4 4 2 0 0
81 2 0 0 0 0
82 2 0 0 0 0
83 2 0 0 0 0
84 2 0 0 0 0
85 2 0 0 0 0
92 2 0 0 0 0
94 3 0 0 0 0
98 8 0 0 0 0
99 8 8 6 0 0
100 1 0 0 0 0
101 1 0 0 0 0
102 1 0 0 0 0
103 1 0 0 0 0
104 1 0 0 0 0
105 1 0 0 0 0
106 1 0 0 0 0
107 1 0 0 0 0
108 1 0 0 0 0
109 1 0 0 0 0
110 1 0 0 0 0
114 9 0 0 0 0
115 9 0 0 0 0
fl=/build/glibc-LK5gWL/glibc-2.23/string/../sysdeps/x86_64/multiarch/../memcpy.S
fn=memcpy
61 14 0 0 0 0
63 14 0 0 0 0
65 14 14 5 0 0
68 12 0 0 0 0
69 12 12 8 0 0
71 4 0 0 0 0
72 4 0 0 0 0
74 4 0 0 0 0
75 4 0 0 0 0
80 12 0 0 0 0
81 12 12 8 0 0
83 4 0 0 0 0
84 4 0 0 0 0
86 4 0 0 0 0
87 8 0 0 0 0
92 12 0 0 0 0
93 12 12 9 0 0
95 3 0 0 0 0
96 3 0 0 0 0
98 3 0 0 0 0
99 3 0 0 0 0
104 12 0 0 0 0
105 12 12 5 0 0
107 7 0 0 0 0
108 7 0 0 0 0
110 7 0 0 0 0
111 7 0 0 0 0
116 12 0 0 0 0
117 17 12 7 0 0
122 5 0 0 0 0
123 5 0 0 0 0
124 5 0 0 0 0
125 5 0 0 0 0
127 5 0 0 0 0
129 5 0 0 0 0
130 5 0 0 0 0
132 5 5 0 0 0
140 12 0 0 0 0
148 6 0 0 0 0
154 6 0 0 0 0
156 6 0 0 0 0
157 6 6 4 0 0
160 2 0 0 0 0
161 6 0 0 0 0
166 8 0 0 0 0
167 8 0 0 0 0
169 8 0 0 0 0
171 8 0 0 0 0
172 8 0 0 0 0
174 12 8 6 0 0
183 6 0 0 0 0
184 6 6 0 0 0
187 6 0 0 0 0
188 6 0 0 0 0
189 6 6 1 0 0
194 5 0 0 0 0
196 5 0 0 0 0
197 5 0 0 0 0
198 5 0 0 0 0
199 5 0 0 0 0
201 5 0 0 0 0
202 5 0 0 0 0
203 5 0 0 0 0
204 5 0 0 0 0
206 5 0 0 0 0
207 5 0 0 0 0
209 5 5 4 0 0
231 6 0 0 0 0
237 6 0 0 0 0
238 6 6 5 0 0
240 2 0 0 0 0
fl=/build/glibc-LK5gWL/glibc-2.23/string/../sysdeps/x86_64/multiarch/../memset.S
fn=memset
53 13 0 0 0 0
54 13 0 0 0 0
55 13 0 0 0 0
56 13 0 0 0 0
57 13 0 0 0 0
59 13 0 0 0 0
60 13 13 3 0 0
61 11 0 0 0 0
62 11 11 10 0 0
77 2 0 0 0 0
78 2 0 0 0 0
79 2 0 0 0 0
80 2 0 0 0 0
81 2 0 0 0 0
82 2 0 0 0 0
83 2 0 0 0 0
84 2 0 0 0 0
85 2 0 0 0 0
86 2 0 0 0 0
87 2 0 0 0 0
88 2 0 0 0 0
89 2 0 0 0 0
90 4 2 0 0 0
93 36 0 0 0 0
94 36 0 0 0 0
95 36 0 0 0 0
96 36 0 0 0 0
97 36 0 0 0 0
98 36 0 0 0 0
99 36 36 8 0 0
100 2 0 0 0 0
103 11 0 0 0 0
104 11 0 0 0 0
105 11 11 6 0 0
106 4 0 0 0 0
107 4 4 2 0 0
108 2 0 0 0 0
109 2 2 2 0 0
112 2 0 0 0 0
113 2 2 0 0 0
114 2 0 0 0 0
115 2 0 0 0 0
117 2 0 0 0 0
118 2 0 0 0 0
119 2 0 0 0 0
121 7 0 0 0 0
122 7 0 0 0 0
123 7 0 0 0 0
fl=/build/glibc-LK5gWL/glibc-2.23/string/../sysdeps/x86_64/multiarch/../strchr.S
fn=index
24 7 0 0 0 0
25 7 0 0 0 0
26 7 0 0 0 0
27 7 0 0 0 0
28 7 0 0 0 0
29 7 0 0 0 0
30 7 0 0 0 0
31 7 7 0 0 0
32 7 0 0 0 0
33 7 0 0 0 0
34 7 0 0 0 0
35 7 0 0 0 0
36 7 0 0 0 0
37 7 0 0 0 0
38 7 0 0 0 0
39 7 0 0 0 0
40 7 7 2 0 0
41 5 0 0 0 0
45 5 0 0 0 0
46 5 0 0 0 0
47 5 0 0 0 0
48 5 0 0 0 0
50 5 0 0 0 0
54 2 0 0 0 0
55 2 0 0 0 0
56 2 0 0 0 0
57 2 0 0 0 0
58 2 0 0 0 0
59 2 0 0 0 0
60 2 0 0 0 0
61 2 0 0 0 0
62 2 0 0 0 0
63 2 0 0 0 0
64 2 0 0 0 0
65 2 0 0 0 0
66 2 0 0 0 0
67 2 0 0 0 0
68 2 0 0 0 0
69 2 0 0 0 0
70 2 0 0 0 0
71 2 0 0 0 0
72 2 0 0 0 0
73 2 0 0 0 0
74 2 0 0 0 0
75 2 0 0 0 0
76 2 0 0 0 0
77 2 2 2 0 0
129 2 0 0 0 0
133 2 0 0 0 0
134 2 0 0 0 0
135 2 0 0 0 0
136 2 0 0 0 0
138 2 0 0 0 0
fl=/build/glibc-LK5gWL/glibc-2.23/string/../sysdeps/x86_64/multiarch/../strcmp.S
fn=strcmp
144 209 0 0 0 0
145 209 0 0 0 0
147 209 0 0 0 0
148 209 0 0 0 0
169 209 0 0 0 0
170 209 209 39 0 0
171 160 0 0 0 0
172 160 160 3 0 0
173 157 0 0 0 0
174 157 0 0 0 0
175 157 0 0 0 0
176 157 0 0 0 0
197 157 0 0 0 0
198 157 0 0 0 0
199 157 0 0 0 0
200 157 0 0 0 0
201 157 0 0 0 0
202 157 0 0 0 0
203 157 157 34 0 0
208 5 0 0 0 0
209 5 0 0 0 0
218 57 0 0 0 0
219 57 0 0 0 0
220 57 0 0 0 0
221 57 0 0 0 0
222 57 0 0 0 0
223 57 0 0 0 0
224 57 0 0 0 0
225 57 57 1 0 0
226 56 56 10 0 0
227 47 0 0 0 0
228 47 0 0 0 0
229 47 0 0 0 0
231 56 0 0 0 0
232 56 0 0 0 0
233 56 0 0 0 0
234 56 0 0 0 0
235 56 0 0 0 0
236 56 0 0 56 20
246 1 0 0 0 0
247 1 0 0 0 0
248 1 0 0 0 0
250 1 0 0 0 0
256 1 0 0 0 0
257 1 0 0 0 0
258 1 0 0 0 0
259 1 0 0 0 0
260 1 0 0 0 0
265 1 1 1 0 0
571 1 0 0 0 0
572 1 0 0 0 0
573 1 0 0 0 0
574 1 0 0 0 0
575 1 0 0 0 0
577 1 0 0 0 0
578 1 0 0 0 0
579 1 0 0 0 0
580 1 0 0 0 0
581 1 0 0 0 0
582 1 0 0 0 0
583 1 1 0 0 0
584 1 0 0 0 0
588 1 0 0 0 0
589 1 0 0 0 0
590 1 0 0 0 0
596 1 0 0 0 0
597 1 0 0 0 0
598 2 0 0 0 0
602 1 0 0 0 0
603 1 1 0 0 0
606 1 0 0 0 0
607 1 0 0 0 0
608 1 0 0 0 0
611 1 0 0 0 0
612 1 0 0 0 0
613 1 0 0 0 0
619 1 0 0 0 0
620 1 0 0 0 0
621 1 0 0 0 0
622 1 0 0 0 0
623 1 0 0 0 0
624 1 1 1 0 0
821 1 0 0 0 0
822 1 0 0 0 0
823 1 0 0 0 0
824 1 0 0 0 0
825 1 0 0 0 0
827 1 0 0 0 0
828 1 0 0 0 0
829 1 0 0 0 0
830 1 0 0 0 0
831 1 0 0 0 0
832 1 0 0 0 0
833 1 1 1 0 0
1196 4 0 0 0 0
1197 4 0 0 0 0
1198 4 0 0 0 0
1199 4 0 0 0 0
1200 4 0 0 0 0
1202 4 0 0 0 0
1203 4 0 0 0 0
1204 4 0 0 0 0
1205 4 0 0 0 0
1206 4 0 0 0 0
1207 4 0 0 0 0
1208 4 4 4 0 0
1321 18 0 0 0 0
1322 18 0 0 0 0
1323 18 0 0 0 0
1324 18 0 0 0 0
1325 18 0 0 0 0
1327 18 0 0 0 0
1328 18 0 0 0 0
1329 18 0 0 0 0
1330 18 0 0 0 0
1331 18 0 0 0 0
1332 18 0 0 0 0
1333 18 18 6 0 0
1571 1 0 0 0 0
1572 1 0 0 0 0
1573 1 0 0 0 0
1574 1 0 0 0 0
1575 1 0 0 0 0
1577 1 0 0 0 0
1578 1 0 0 0 0
1579 1 0 0 0 0
1580 1 0 0 0 0
1581 1 0 0 0 0
1582 1 0 0 0 0
1583 1 1 1 0 0
1696 2 0 0 0 0
1697 2 0 0 0 0
1698 2 0 0 0 0
1699 2 0 0 0 0
1700 2 0 0 0 0
1702 2 0 0 0 0
1703 2 0 0 0 0
1704 2 0 0 0 0
1705 2 0 0 0 0
1706 2 0 0 0 0
1707 2 0 0 0 0
1708 2 2 1 0 0
1709 1 0 0 0 0
1713 1 0 0 0 0
1714 1 0 0 0 0
1715 1 0 0 0 0
1721 1 0 0 0 0
1722 1 0 0 0 0
1723 2 0 0 0 0
1727 1 0 0 0 0
1728 1 1 0 0 0
1731 1 0 0 0 0
1732 1 0 0 0 0
1733 1 0 0 0 0
1736 1 0 0 0 0
1737 1 0 0 0 0
1738 1 0 0 0 0
1744 1 0 0 0 0
1745 1 0 0 0 0
1746 1 0 0 0 0
1747 1 0 0 0 0
1748 1 0 0 0 0
1749 1 1 1 0 0
1821 3 0 0 0 0
1822 3 0 0 0 0
1823 3 0 0 0 0
1824 3 0 0 0 0
1825 3 0 0 0 0
1827 3 0 0 0 0
1828 3 0 0 0 0
1829 3 0 0 0 0
1830 3 0 0 0 0
1831 3 0 0 0 0
1832 3 0 0 0 0
1833 3 3 0 0 0
1834 3 0 0 0 0
1838 3 0 0 0 0
1839 3 0 0 0 0
1840 3 0 0 0 0
1846 3 0 0 0 0
1847 3 0 0 0 0
1848 6 0 0 0 0
1852 3 0 0 0 0
1853 3 3 0 0 0
1856 3 0 0 0 0
1857 3 0 0 0 0
1858 3 0 0 0 0
1861 3 0 0 0 0
1862 3 0 0 0 0
1863 3 0 0 0 0
1869 3 0 0 0 0
1870 3 0 0 0 0
1871 3 0 0 0 0
1872 3 0 0 0 0
1873 3 0 0 0 0
1874 3 3 3 0 0
1946 1 0 0 0 0
1947 1 0 0 0 0
1948 1 0 0 0 0
1949 1 0 0 0 0
1950 1 0 0 0 0
1952 1 0 0 0 0
1953 1 0 0 0 0
1954 1 0 0 0 0
1955 1 0 0 0 0
1956 1 0 0 0 0
1957 1 0 0 0 0
1958 1 1 0 0 0
1959 1 0 0 0 0
1963 1 0 0 0 0
1964 1 0 0 0 0
1965 1 0 0 0 0
1971 1 0 0 0 0
1972 1 0 0 0 0
1973 2 0 0 0 0
1977 1 0 0 0 0
1978 1 1 0 0 0
1981 1 0 0 0 0
1982 1 0 0 0 0
1983 1 0 0 0 0
1986 1 0 0 0 0
1987 1 0 0 0 0
1988 1 0 0 0 0
1994 1 0 0 0 0
1995 1 0 0 0 0
1996 1 0 0 0 0
1997 1 0 0 0 0
1998 1 0 0 0 0
1999 1 1 1 0 0
2071 25 0 0 0 0
2072 25 0 0 0 0
2073 25 0 0 0 0
2074 25 0 0 0 0
2075 25 0 0 0 0
2077 25 0 0 0 0
2078 25 0 0 0 0
2079 25 0 0 0 0
2080 25 0 0 0 0
2081 25 0 0 0 0
2082 25 0 0 0 0
2083 25 25 6 0 0
2200 6 0 0 0 0
2202 57 0 0 0 0
2203 57 0 0 0 0
2204 57 0 0 0 0
2205 57 57 9 0 0
2206 141 0 0 0 0
2211 209 0 0 0 0
2217 209 0 0 0 0
2218 209 0 0 0 0
2226 209 0 0 0 0
2227 209 0 0 0 0
fl=/build/glibc-LK5gWL/glibc-2.23/string/../sysdeps/x86_64/multiarch/strcmp.S
fn=strcasecmp
109 1 0 0 0 0
110 1 0 0 0 0
111 1 0 0 0 0
112 1 1 1 0 0
122 1 0 0 0 0
fn=strncasecmp
129 1 0 0 0 0
130 1 0 0 0 0
131 1 0 0 0 0
132 1 1 1 0 0
142 1 0 0 0 0
fl=/build/glibc-LK5gWL/glibc-2.23/string/../sysdeps/x86_64/multiarch/strcspn.S
fn=strcspn
45 1 0 0 0 0
46 1 0 0 0 0
47 1 0 0 0 0
48 1 1 0 0 0
49 1 0 0 0 0
50 1 0 0 0 0
fn=strpbrk
45 1 0 0 0 0
46 1 0 0 0 0
47 1 0 0 0 0
48 1 1 0 0 0
49 1 0 0 0 0
50 1 0 0 0 0
fl=/build/glibc-LK5gWL/glibc-2.23/string/../sysdeps/x86_64/multiarch/strspn.S
fn=strspn
30 1 0 0 0 0
31 1 0 0 0 0
32 1 0 0 0 0
33 1 1 1 0 0
34 1 0 0 0 0
35 1 0 0 0 0
fl=/build/glibc-LK5gWL/glibc-2.23/string/../sysdeps/x86_64/strchr.S
fn=strchrnul
24 2 0 0 0 0
25 2 0 0 0 0
26 2 0 0 0 0
27 2 0 0 0 0
28 2 0 0 0 0
29 2 0 0 0 0
30 2 0 0 0 0
31 2 2 0 0 0
32 2 0 0 0 0
33 2 0 0 0 0
34 2 0 0 0 0
35 2 0 0 0 0
36 2 0 0 0 0
37 2 0 0 0 0
38 2 0 0 0 0
39 2 0 0 0 0
40 2 2 0 0 0
41 2 0 0 0 0
43 2 0 0 0 0
50 2 0 0 0 0
fl=/build/glibc-LK5gWL/glibc-2.23/string/../sysdeps/x86_64/strlen.S
fn=strlen
66 14 0 0 0 0
67 14 0 0 0 0
68 14 0 0 0 0
69 14 0 0 0 0
70 14 0 0 0 0
71 14 0 0 0 0
72 14 0 0 0 0
74 14 0 0 0 0
76 14 14 1 0 0
106 13 0 0 0 0
107 13 0 0 0 0
108 13 0 0 0 0
109 13 0 0 0 0
110 13 13 7 0 0
111 7 0 0 0 0
112 7 0 0 0 0
116 6 0 0 0 0
117 6 0 0 0 0
118 6 0 0 0 0
119 6 0 0 0 0
120 6 0 0 0 0
121 6 0 0 0 0
122 6 0 0 0 0
123 6 0 0 0 0
124 6 0 0 0 0
125 6 0 0 0 0
126 6 0 0 0 0
127 6 0 0 0 0
132 48 6 0 0 0
136 1 0 0 0 0
137 14 0 0 0 0
138 8 1 0 0 0
fl=/build/glibc-LK5gWL/glibc-2.23/string/../sysdeps/x86_64/strrchr.S
fn=rindex
24 1 0 0 0 0
25 1 0 0 0 0
26 1 0 0 0 0
27 1 0 0 0 0
28 1 0 0 0 0
29 1 0 0 0 0
30 1 0 0 0 0
31 1 1 0 0 0
32 1 0 0 0 0
33 1 0 0 0 0
34 1 0 0 0 0
35 1 0 0 0 0
36 1 0 0 0 0
37 1 0 0 0 0
38 1 0 0 0 0
39 1 0 0 0 0
40 1 1 0 0 0
41 1 0 0 0 0
42 1 0 0 0 0
43 1 0 0 0 0
44 1 1 0 0 0
45 1 0 0 0 0
46 1 0 0 0 0
47 1 0 0 0 0
fl=/build/glibc-LK5gWL/glibc-2.23/string/strdup.c
fn=strdup
40 12 0 0 0 0
41 6 0 0 0 0
42 6 0 0 0 0
44 6 3 0 0 0
47 12 0 0 0 0
48 9 0 0 0 0
fl=/build/glibc-LK5gWL/glibc-2.23/time/../sysdeps/generic/dl-hash.h
fn=gettimeofday
45 12 4 3 0 0
48 12 0 0 0 0
62 16 0 0 0 0
fn=time
45 12 4 3 0 0
48 12 0 0 0 0
62 16 0 0 0 0
fl=/build/glibc-LK5gWL/glibc-2.23/time/../sysdeps/unix/sysv/linux/x86/gettimeofday.c
fn=gettimeofday
36 1 0 0 0 0
37 11 1 0 0 0
40 3 0 0 0 0
41 3 0 0 0 0
42 2 0 0 0 0
fl=/build/glibc-LK5gWL/glibc-2.23/time/../sysdeps/unix/sysv/linux/x86/time.c
fn=time
37 1 0 0 0 0
38 11 1 0 0 0
41 3 0 0 0 0
42 3 0 0 0 0
43 2 0 0 0 0
fl=/home/xabierga/Game_of_life/gameoflife_timings.c
fn=evolution
283 60000000 0 0 0 0
291 20000000 0 0 0 0
292 560000000 180000000 20000058 0 0
293 1440000000 0 0 0 0
295 80000000 20000000 1873239 0 0
296 3050270 1525135 284314 0 0
297 473958 0 0 0 0
299 4120552 2060276 824331 0 0
300 1910108 0 0 0 0
303 666204 0 0 0 0
307 36949730 18474865 654892 0 0
308 1104254 0 0 0 0
311 61525135 0 0 0 0
fn=free_neighbours
264 6 0 0 0 0
274 805 201 4 0 0
275 161000 40200 205 0 0
276 520000 0 0 0 0
279 3 0 0 0 0
fn=generation_update
313 60000000 0 0 0 0
321 80000000 0 0 0 0
322 60000000 0 0 0 0
fn=main
21 9 0 0 0 0
25 4 0 0 0 0
26 2 1 1 0 0
31 6 0 0 0 0
32 6 0 0 0 0
33 6 0 0 0 0
37 6 0 0 0 0
38 805 201 3 0 0
39 2200 0 0 0 0
43 6 0 0 0 0
47 3 0 0 0 0
48 2 0 0 0 0
49 2 0 0 0 0
50 2 0 0 0 0
51 6 0 0 0 0
55 2005 501 4 0 0
56 402500 100500 513 0 0
57 80500000 20100000 100037 0 0
58 240000000 0 0 0 0
61 402500 100500 510 0 0
62 80500000 20100000 100038 0 0
63 240000000 0 0 0 0
70 6 0 0 0 0
72 805 201 6 0 0
73 1600 0 0 0 0
75 3 0 0 0 0
77 3 0 0 0 0
78 4 0 0 0 0
80 7 0 0 0 0
81 11 0 0 0 0
83 4 0 0 0 0
84 8 0 0 0 0
85 4 0 0 0 0
86 7 1 1 0 0
fn=obtain_neighbours
128 8 0 0 0 0
139 5 0 0 0 0
140 10 0 0 0 0
141 10 0 0 0 0
142 15 0 0 0 0
149 5 0 0 0 0
150 6 0 0 0 0
151 6 0 0 0 0
152 6 0 0 0 0
153 8 0 0 0 0
154 6 0 0 0 0
155 7 0 0 0 0
156 9 0 0 0 0
159 10 0 0 0 0
160 17 0 0 0 0
161 18 0 0 0 0
162 11 0 0 0 0
163 18 0 0 0 0
164 11 0 0 0 0
165 11 0 0 0 0
166 11 0 0 0 0
169 10 0 0 0 0
170 11 0 0 0 0
171 11 0 0 0 0
172 17 0 0 0 0
173 11 0 0 0 0
174 18 0 0 0 0
175 18 0 0 0 0
176 11 0 0 0 0
179 26 0 0 0 0
180 27 0 0 0 0
181 16 0 0 0 0
182 27 0 0 0 0
183 16 0 0 0 0
184 16 0 0 0 0
185 16 0 0 0 0
186 16 0 0 0 0
187 996 199 3 0 0
188 1782 0 0 0 0
189 2772 0 0 0 0
196 1782 0 0 0 0
197 1980 0 0 0 0
198 1980 0 0 0 0
199 3168 0 0 0 0
200 3168 0 0 0 0
201 3366 0 0 0 0
202 3168 0 0 0 0
203 3366 0 0 0 0
206 4950 0 0 0 0
207 4950 0 0 0 0
208 5148 0 0 0 0
209 5148 0 0 0 0
210 5148 0 0 0 0
211 2970 0 0 0 0
212 2970 0 0 0 0
213 2970 0 0 0 0
215 996 199 3 0 0
216 1782 0 0 0 0
217 2772 0 0 0 0
224 1782 0 0 0 0
225 3168 0 0 0 0
226 3366 0 0 0 0
227 1980 0 0 0 0
228 3168 0 0 0 0
229 1980 0 0 0 0
230 3168 0 0 0 0
231 3366 0 0 0 0
233 4950 0 0 0 0
234 5148 0 0 0 0
235 2970 0 0 0 0
236 4950 0 0 0 0
237 2970 0 0 0 0
238 5148 0 0 0 0
239 5148 0 0 0 0
240 2970 0 0 0 0
244 197208 39402 200 0 0
245 509652 0 0 0 0
250 940896 0 0 0 0
251 940896 0 0 0 0
252 980100 0 0 0 0
253 940896 0 0 0 0
254 940896 0 0 0 0
255 980100 0 0 0 0
256 940896 0 0 0 0
257 980100 0 0 0 0
261 5 0 0 0 0
fn=seed_cells
89 6 0 0 0 0
99 805 201 6 0 0
100 161000 40200 209 0 0
101 400000 0 0 0 0
102 480000 0 0 0 0
103 480000 0 0 0 0
106 3 0 0 0 0
fl=???
fn=???
0 120618 11 6 120482 25
fn=__libc_csu_init
0 34 2 0 1 1
fn=_dl_debug_initialize
0 4 1 1 0 0
fn=_start
0 11 0 0 0 0
fn=memcpy@GLIBC_2.2.5
0 11 2 1 0 0
summary: 3137064444 264989808 23844661 120761 127
