13.920894 
13.908859 
14.698700 
14.175524 
14.268233 
14.451695 
14.773560 
14.145479 
14.476351 
14.386823 
14.271654 
14.186684 
13.895120 
14.113351 
13.928269 
14.625084 
14.873546 
14.861597 
14.631539 
14.200283 
14.806666 
14.191505 
14.215683 
14.296936 
13.766656 
13.785164 
13.756538 
13.918856 
14.058244 
14.562801 
14.391987 
14.448558 
14.375890 
15.498901 
14.886643 
15.417370 
15.782516 
17.305255 
16.517265 
17.404205 
16.631739 
17.109302 
15.378967 
15.240898 
15.881980 
14.921143 
14.571171 
15.436283 
15.475751 
14.521883 
16.931685 
13.893138 
14.719691 
16.677170 
14.660949 
14.521906 
14.908089 
14.549625 
14.241896 
14.569679 
14.832583 
14.113189 
14.472693 
14.748408 
14.622483 
14.635832 
14.456487 
15.079556 
14.494592 
14.041189 
13.833856 
14.144424 
14.635966 
13.993051 
16.132320 
14.686752 
14.748645 
14.615334 
14.219634 
14.666205 
15.221621 
14.430807 
13.737258 
13.707453 
13.717574 
13.701011 
13.845756 
13.780418 
13.738078 
13.693727 
13.699085 
13.763355 
13.727079 
13.834234 
13.753862 
13.703682 
13.689000 
13.722731 
13.695823 
13.701627 
13.733825 
13.709443 
13.717787 
13.723664 
13.718695 
13.700224 
13.679184 
13.726620 
15.368479 
14.489874 
14.861778 
17.266746 
16.677756 
15.947470 
16.681064 
16.086539 
16.634771 
14.782099 
16.223611 
15.647472 
16.143627 
13.812723 
13.618748 
13.573156 
13.595236 
13.597128 
13.601707 
13.613669 
13.613343 
13.599594 
13.616401 
14.510787 
13.908823 
13.594430 
13.627358 
13.614774 
13.568952 
13.602012 
13.715328 
14.430892 
13.730521 
13.726594 
13.713507 
14.286915 
14.436104 
13.964542 
14.528410 
14.745231 
14.604130 
14.351095 
14.563647 
15.802538 
16.536778 
16.524951 
16.450477 
16.532882 
15.933644 
14.549925 
14.058818 
15.501847 
14.625679 
14.562973 
14.669530 
15.245802 
14.804292 
15.306970 
15.137994 
14.634955 
15.121201 
14.993937 
14.147984 
15.028319 
16.319510 
15.743680 
15.342494 
15.744135 
15.948182 
16.988455 
14.910575 
14.946260 
14.857942 
15.892329 
15.699295 
15.316234 
15.019772 
14.128668 
14.004014 
14.198212 
14.580768 
14.360614 
14.568946 
14.079927 
14.426361 
14.156886 
15.798006 
14.807967 
14.252564 
14.694219 
14.822643 
14.954276 
14.240440 
14.404463 
14.142824 
13.708516 
13.806519 
14.316695 
14.452228 
13.730452 
16.447858 
14.610143 
13.661785 
13.892200 
13.595061 
4.135721 
4.081311 
4.094669 
4.086804 
4.105438 
4.096181 
4.085933 
4.082583 
4.105940 
13.651585 
11.563525 
8.871892 
8.961773 
9.437075 
9.385415 
9.122429 
8.940248 
